1305031102.175303936 0.000000000 0.000000000 0.000000000 0.000000000 0.000000000 0.000000000 1.000000000
1305031102.211214066 0.008551419 0.006736793 0.025184949 -0.003373401 -0.006955412 -0.004908200 0.999958075
1305031102.243211031 0.008551419 0.006736793 0.025184949 -0.003373401 -0.006955412 -0.004908200 0.999958075
1305031102.275326014 0.010935228 0.004809021 0.037245958 -0.010008379 -0.008837037 -0.005633420 0.999894996
1305031102.311266899 0.014209111 0.000703579 0.047285064 -0.016526057 -0.010978000 -0.005386349 0.999788658
1305031102.343233109 0.015111301 -0.005340630 0.056175238 -0.023545970 -0.012029464 -0.005522562 0.999635124
1305031102.375329018 0.014554830 -0.000787652 0.068401199 -0.023028245 -0.012592929 -0.004773217 0.999644104
1305031102.411257982 0.016207333 0.004771994 0.080100924 -0.022460693 -0.013755428 -0.003888377 0.999645530
1305031102.443270922 0.014267436 0.009916281 0.092662773 -0.021382792 -0.013924555 -0.004711362 0.999663286
1305031102.475317955 0.018646474 0.009915270 0.101968086 -0.027254374 -0.016302695 -0.005381483 0.999481096
1305031102.511219025 0.020827981 0.011791653 0.128229314 -0.039318158 -0.018257778 -0.006951277 0.999035743
1305031102.543220043 0.020827981 0.011791653 0.128229314 -0.039318158 -0.018257778 -0.006951277 0.999035743
1305031102.575285912 0.014863110 0.012344285 0.136883889 -0.043708408 -0.015668279 -0.010263379 0.998868732
1305031102.611232996 0.002588760 0.012062991 0.159567202 -0.042873288 -0.009421247 -0.009263942 0.998993143
1305031102.643265009 0.002588760 0.012062991 0.159567202 -0.042873288 -0.009421247 -0.009263942 0.998993143
1305031102.675285101 0.001609719 0.021740991 0.165521515 -0.039207563 -0.008587943 -0.009929097 0.999144848
1305031102.711262941 0.002078123 0.025739881 0.178459001 -0.039104487 -0.009221117 -0.008421930 0.999157085
1305031102.743233919 0.000395741 0.027325094 0.190572467 -0.039363747 -0.009022697 -0.007262945 0.999157813
1305031102.775471926 -0.001087282 0.033299577 0.202872120 -0.038674657 -0.008911200 -0.006201486 0.999192876
1305031102.811232090 -0.003659504 0.037504733 0.210572727 -0.040809663 -0.007678577 -0.009030663 0.999096621
1305031102.843290091 -0.004306501 0.040307635 0.218930306 -0.042964468 -0.006525621 -0.012350848 0.998978942
1305031102.875363111 -0.007792134 0.040508468 0.227107513 -0.045973430 -0.004647994 -0.014579002 0.998825457
1305031102.911185026 -0.010388884 0.046585137 0.245565836 -0.046287200 -0.002365616 -0.018232326 0.998758971
1305031102.943228960 -0.010388884 0.046585137 0.245565836 -0.046287200 -0.002365616 -0.018232326 0.998758971
1305031102.975203037 -0.015701102 0.047474721 0.256097242 -0.046936718 -0.000450673 -0.018406503 0.998728162
1305031103.011214972 -0.009886431 0.053061943 0.277691836 -0.049302586 -0.007193196 -0.010678029 0.998700902
1305031103.043226957 -0.009886431 0.053061943 0.277691836 -0.049302586 -0.007193196 -0.010678029 0.998700902
1305031103.075319052 -0.007000714 0.054192932 0.287502721 -0.051031677 -0.010352978 -0.006967103 0.998619068
1305031103.111239910 -0.004496602 0.055004778 0.296157807 -0.051407556 -0.012483082 -0.005071734 0.998586858
1305031103.143317938 -0.003622140 0.061447533 0.303115486 -0.049325356 -0.012898799 -0.004899028 0.998687453
1305031103.175451994 -0.009013242 0.061084467 0.312993315 -0.051194368 -0.010248643 -0.002480143 0.998633041
1305031103.211220026 -0.010396478 0.068816540 0.331700820 -0.055824210 -0.009662907 -0.000051348 0.998393852
1305031103.243216038 -0.010396478 0.068816540 0.331700820 -0.055824210 -0.009662907 -0.000051348 0.998393852
1305031103.275369883 -0.010297133 0.067040106 0.340403541 -0.063228719 -0.009754627 0.001476473 0.997950298
1305031103.311209917 0.001524822 0.059649350 0.354585258 -0.081595308 -0.020539958 0.004970266 0.996441475
1305031103.343223095 0.001524822 0.059649350 0.354585258 -0.081595308 -0.020539958 0.004970266 0.996441475
1305031103.375327110 0.003191683 0.059728434 0.356814206 -0.082423718 -0.022181775 0.006041207 0.996332175
1305031103.411259890 0.001020864 0.058314537 0.358487051 -0.084551259 -0.020471553 0.007521730 0.996180417
1305031103.443279982 0.001677308 0.052423646 0.358748384 -0.087961969 -0.020746301 0.008512908 0.995871384
1305031103.475274086 0.002576842 0.049832622 0.355646914 -0.088828372 -0.022026435 0.010217171 0.995750956
1305031103.511332989 0.004155299 0.045690427 0.352125302 -0.089587637 -0.024179883 0.009973998 0.995635429
1305031103.543443918 0.004597698 0.043064275 0.346179935 -0.087669084 -0.024561119 0.009316154 0.995803240
1305031103.575474024 0.005406103 0.041009369 0.338139495 -0.083829859 -0.025104841 0.008872027 0.996124284
1305031103.611222982 0.005406103 0.041009369 0.338139495 -0.083829859 -0.025104841 0.008872027 0.996124284
1305031103.643445015 0.007026304 0.039090766 0.327802957 -0.081239553 -0.026863767 0.010920687 0.996272659
1305031103.675523043 0.011159518 0.037278670 0.317479368 -0.078178095 -0.030528430 0.013120231 0.996385498
1305031103.711610079 0.013950682 0.037414668 0.306962747 -0.074051196 -0.032797964 0.014484580 0.996609708
1305031103.743325949 0.015375314 0.032620057 0.296692082 -0.072148371 -0.033370967 0.015667831 0.996712351
1305031103.775341988 0.016515824 0.026680660 0.285620404 -0.070783349 -0.033664016 0.015572520 0.996801860
1305031103.811242104 0.013587274 0.027990730 0.272932244 -0.066278643 -0.032497877 0.014082998 0.997172352
1305031103.843250990 0.012329020 0.028048759 0.260294100 -0.065386040 -0.031362684 0.011565638 0.997299997
1305031103.875360966 0.009883484 0.019777317 0.254215860 -0.069134659 -0.030606345 0.010815280 0.997079074
1305031103.911221027 0.014073948 0.003654843 0.250166564 -0.076994081 -0.033347545 0.012460566 0.996395798
1305031103.943211079 0.020369366 -0.002391499 0.236686962 -0.077273071 -0.037606575 0.011535283 0.996233685
1305031103.975373030 0.022953717 -0.007637562 0.223509654 -0.075042701 -0.038892114 0.009535453 0.996375969
1305031104.011231899 0.023081997 -0.013552172 0.211594914 -0.072973127 -0.039347191 0.008929298 0.996517430
1305031104.043248892 0.020365469 -0.016816468 0.197594982 -0.069089616 -0.038023862 0.010684042 0.996828301
1305031104.075424910 0.013731057 -0.014873226 0.180030960 -0.061168654 -0.033831132 0.008762843 0.997515445
1305031104.111234903 0.010726340 -0.021203948 0.166824684 -0.058855950 -0.031244943 0.006040564 0.997759110
1305031104.143229961 0.006473990 -0.026323361 0.150983549 -0.057743532 -0.027344656 0.004349484 0.997947412
1305031104.175424099 -0.001271770 -0.035434822 0.139250897 -0.054981382 -0.023119634 0.003211000 0.998214516
1305031104.211282969 -0.007922626 -0.049544842 0.114012474 -0.050047999 -0.018833273 0.004360941 0.998559707
1305031104.243196011 -0.007922626 -0.049544842 0.114012474 -0.050047999 -0.018833273 0.004360941 0.998559707
1305031104.275546074 -0.012061227 -0.051932366 0.103434378 -0.046065014 -0.017075895 0.006445299 0.998771689
1305031104.311218977 -0.015593016 -0.060504167 0.093675325 -0.044577140 -0.015219141 0.007079347 0.998864925
1305031104.343342066 -0.017238091 -0.067693611 0.085932675 -0.043381974 -0.013603887 0.008789485 0.998927266
1305031104.375837088 -0.020438963 -0.070609417 0.073747390 -0.042624430 -0.011069839 0.008636135 0.998992509
1305031104.411509037 -0.023601173 -0.073362255 0.062364972 -0.042913611 -0.008736861 0.009477323 0.998995630
1305031104.443288088 -0.029159919 -0.072886761 0.050421015 -0.041970592 -0.005585522 0.009318980 0.999059772
1305031104.475455999 -0.029913817 -0.073754813 0.040851872 -0.041874581 -0.004850768 0.009292167 0.999067888
1305031104.511328936 -0.029019268 -0.076498978 0.031858491 -0.042581961 -0.005399019 0.009897249 0.999029365
1305031104.543368101 -0.023759477 -0.083837351 0.020425631 -0.044372878 -0.007393919 0.011191266 0.998924989
1305031104.575342894 -0.023790463 -0.089946587 0.013904311 -0.042764926 -0.008036513 0.013256506 0.998964885
1305031104.611335993 -0.025209276 -0.101617658 0.006415419 -0.041726063 -0.007499119 0.014008323 0.999002736
1305031104.643243074 -0.030478298 -0.114075311 -0.008388344 -0.036931528 -0.004140951 0.014896981 0.999198176
1305031104.675524950 -0.044208601 -0.135800142 -0.018732375 -0.031703232 0.004639409 0.017123547 0.999339865
1305031104.711277008 -0.055126961 -0.158976925 -0.031060307 -0.027188064 0.013437511 0.018889725 0.999361507
1305031104.743279934 -0.069083855 -0.191574337 -0.042455631 -0.023778887 0.022756295 0.021523975 0.999226418
1305031104.775326967 -0.082189684 -0.221551896 -0.052797350 -0.020230509 0.031445387 0.023912747 0.999014562
1305031104.811465025 -0.088801597 -0.249796553 -0.059374495 -0.016629339 0.039126363 0.026361311 0.998748053
1305031104.843257904 -0.097326518 -0.272493214 -0.068609220 -0.013356943 0.046877756 0.029128816 0.998386488
1305031104.875349998 -0.105218986 -0.307643761 -0.072722599 -0.017033189 0.051723665 0.029306171 0.998086009
1305031104.911534071 -0.108199704 -0.320927455 -0.071633038 -0.017884826 0.052959900 0.029816308 0.997991167
1305031104.943262100 -0.107657930 -0.324189737 -0.073468112 -0.018155871 0.052991276 0.030299478 0.997970055
1305031104.975202084 -0.104834800 -0.323710429 -0.072603471 -0.017982344 0.052587326 0.030709567 0.997982029
1305031105.011290073 -0.105794388 -0.315085513 -0.068522944 -0.016670531 0.052731251 0.030736294 0.997996387
1305031105.043373108 -0.106184269 -0.293093731 -0.067516836 -0.014131504 0.052598346 0.031087092 0.998031717
1305031105.075320005 -0.104553565 -0.261881216 -0.063694686 -0.010405190 0.052010605 0.031115530 0.998107435
1305031105.111299038 -0.103809277 -0.225390466 -0.057896967 -0.005872828 0.051472371 0.031115593 0.998172292
1305031105.143105984 -0.103449360 -0.197779886 -0.052345790 -0.002650258 0.051063517 0.031083794 0.998208040
1305031105.175158978 -0.102567212 -0.158812420 -0.040626888 0.002550989 0.050105993 0.031449067 0.998245380
1305031105.211267948 -0.101765591 -0.127514042 -0.026110029 -0.001234997 0.048689159 0.029905066 0.998365428
1305031105.243269920 -0.100329093 -0.106274231 -0.016098917 -0.006939949 0.046896228 0.029844912 0.998429698
1305031105.275288105 -0.088639894 -0.099155343 0.002653734 -0.012839468 0.039216135 0.028048702 0.998754481
1305031105.311290026 -0.073243800 -0.086445211 0.019103666 -0.019603581 0.030404310 0.026330302 0.998998495
1305031105.343302011 -0.060404510 -0.083274196 0.038514555 -0.027958893 0.020982940 0.026958856 0.999025143
1305031105.375338078 -0.047298835 -0.082740386 0.054763542 -0.034964756 0.012531221 0.024312864 0.999014174
1305031105.411286116 -0.041296545 -0.084822642 0.065347359 -0.040757979 0.009144054 0.025694885 0.998796749
1305031105.443315983 -0.032348199 -0.066806879 0.078472346 -0.039602559 0.003612545 0.022938404 0.998945652
1305031105.475280046 -0.029196471 -0.070830900 0.090787520 -0.047628634 0.001033373 0.021803687 0.998626579
1305031105.511332035 -0.022587263 -0.073939898 0.101220373 -0.054245973 -0.002590162 0.022580144 0.998268903
1305031105.543282032 -0.022732215 -0.066676134 0.110109860 -0.056760141 -0.003267147 0.019662786 0.998188853
1305031105.575448990 -0.023100378 -0.055423894 0.118198599 -0.056955497 -0.003371261 0.017909051 0.998210385
1305031105.611377954 -0.022816856 -0.045258933 0.125849837 -0.056622096 -0.003836766 0.016222505 0.998256504
1305031105.643273115 -0.020690316 -0.030644333 0.149183246 -0.056364051 -0.005050657 0.016338913 0.998263805
1305031105.675165892 -0.020690316 -0.030644333 0.149183246 -0.056364051 -0.005050657 0.016338913 0.998263805
1305031105.711308956 -0.020469356 -0.024947969 0.162482522 -0.056173128 -0.005520594 0.017140612 0.998258635
1305031105.743311882 -0.023255250 -0.021157954 0.175114665 -0.054698137 -0.003573997 0.016279420 0.998363822
1305031105.775338888 -0.028243259 -0.015568908 0.186170349 -0.052834234 -0.000626815 0.015731380 0.998479181
1305031105.811283112 -0.033390538 -0.011105370 0.199857227 -0.051975301 0.002819357 0.014083599 0.998545077
1305031105.843271017 -0.040586078 -0.007058634 0.211024552 -0.050405048 0.006976156 0.013894076 0.998607840
1305031105.875336885 -0.041722960 -0.005326307 0.223377388 -0.049985065 0.008286778 0.014128883 0.998615640
1305031105.911262035 -0.047185830 0.000821996 0.236713521 -0.048118184 0.012262498 0.013311695 0.998677661
1305031105.943272114 -0.048743098 0.010909306 0.244973999 -0.048066595 0.014043577 0.012822869 0.998663084
1305031105.975328922 -0.050819632 0.019777025 0.253548007 -0.047964895 0.015801938 0.009813108 0.998675808
1305031106.011285067 -0.049257451 0.019253975 0.264331413 -0.053550281 0.015507242 0.008140847 0.998411548
1305031106.043354988 -0.049599993 0.024840846 0.273418909 -0.056824786 0.016222688 0.007526183 0.998223985
1305031106.075330019 -0.049004433 0.023467993 0.283978847 -0.063616413 0.016564080 0.007876469 0.997805865
1305031106.111326933 -0.049397510 0.022986509 0.294241375 -0.068906549 0.016859172 0.006989012 0.997456169
1305031106.143354893 -0.050562844 0.024059123 0.306960669 -0.073784937 0.017188461 0.006932234 0.997101943
1305031106.175534010 -0.051220553 0.019799917 0.318231433 -0.082526322 0.017099208 0.008970990 0.996401799
1305031106.211275101 -0.049901217 0.019693965 0.326950640 -0.087536422 0.015824400 0.009218898 0.995992959
1305031106.243267059 -0.048032887 0.018091288 0.333932248 -0.092398643 0.014407500 0.009203447 0.995575317
1305031106.276385069 -0.046515686 0.020656440 0.340099984 -0.092954425 0.013342254 0.011799155 0.995511044
1305031106.311238050 -0.045876700 0.023640353 0.347194769 -0.093934879 0.012579568 0.013018593 0.995413738
1305031106.343257904 -0.043137730 0.025053470 0.352724977 -0.097482852 0.010742041 0.014201578 0.995077895
1305031106.375387907 -0.042117431 0.025705458 0.358088533 -0.102511394 0.009814462 0.014332082 0.994580154
1305031106.411319971 -0.045185802 0.019853625 0.363923229 -0.112753896 0.011604078 0.010281403 0.993501986
1305031106.443278074 -0.049909192 0.013818568 0.366244028 -0.119045893 0.015476429 0.005652035 0.992752039
1305031106.475344896 -0.055031694 0.009203150 0.365799511 -0.120980875 0.019305748 0.003671772 0.992460293
1305031106.511128902 -0.055270103 0.005887904 0.362994595 -0.121288153 0.018544412 0.002407164 0.992441179
1305031106.543302059 -0.052963204 0.002257675 0.357877967 -0.120703682 0.016044085 0.002698058 0.992555252
1305031106.575282097 -0.049186546 0.003810884 0.347247663 -0.116191690 0.012758395 0.001543441 0.993143661
1305031106.611150980 -0.049514729 0.002115806 0.338892443 -0.112930069 0.012200771 0.001166794 0.993527342
1305031106.643207073 -0.047452897 -0.001519880 0.330807682 -0.113046547 0.009940027 0.000226693 0.993539945
1305031106.675278902 -0.046702682 -0.007234219 0.321292357 -0.113152736 0.008705676 -0.001384306 0.993538501
1305031106.711508036 -0.043678620 -0.010009222 0.310671729 -0.110491137 0.006011479 -0.001748473 0.993857391
1305031106.743340969 -0.041101152 -0.014945329 0.301165706 -0.111448561 0.003039497 0.000053877 0.993765554
1305031106.775389910 -0.033373774 -0.016932014 0.289322598 -0.109271841 -0.002862495 0.001368015 0.994006841
1305031106.811289072 -0.028108464 -0.019749962 0.277704654 -0.106835380 -0.006788484 0.002787123 0.994249642
1305031106.843415976 -0.028108464 -0.019749962 0.277704654 -0.106835380 -0.006788484 0.002787123 0.994249642
1305031106.875905037 -0.026543339 -0.027960007 0.265611426 -0.107330975 -0.008850463 0.004442418 0.994174027
1305031106.911242962 -0.024557148 -0.029339026 0.246496393 -0.101823887 -0.011032553 0.000550652 0.994741110
1305031106.943439007 -0.027504748 -0.027381776 0.229266358 -0.096351152 -0.009699274 -0.002316280 0.995297450
1305031106.975547075 -0.030335186 -0.034834376 0.212404339 -0.095019585 -0.008682458 -0.007334216 0.995410520
1305031107.011575937 -0.035804942 -0.040592915 0.191873258 -0.090004752 -0.005520173 -0.010695395 0.995868606
1305031107.043281078 -0.042126715 -0.035440903 0.170843119 -0.081569877 -0.002556736 -0.015427197 0.996544941
1305031107.075432062 -0.047695263 -0.039188792 0.155205194 -0.081027837 0.000120159 -0.017819067 0.996552535
1305031107.111228943 -0.051112403 -0.045577756 0.139611985 -0.077281580 0.001252426 -0.018202050 0.996842352
1305031107.143260002 -0.049485394 -0.048076096 0.123249253 -0.073048510 0.000408638 -0.018003016 0.997165803
1305031107.175399065 -0.051554515 -0.048913198 0.108556311 -0.070598983 0.001027943 -0.020167878 0.997300348
1305031107.211358070 -0.052353702 -0.058717151 0.095099616 -0.071094334 0.001723553 -0.020528555 0.997256839
1305031107.243377924 -0.056556705 -0.066681168 0.081708892 -0.067476895 0.003681513 -0.019917739 0.997515212
1305031107.275398016 -0.062250865 -0.068457967 0.068636219 -0.062440356 0.006501724 -0.019609381 0.997834857
1305031107.311225891 -0.066436997 -0.073175508 0.056135573 -0.057704308 0.008763396 -0.020052043 0.998093849
1305031107.343508959 -0.074956156 -0.082545937 0.041850034 -0.053012987 0.012677763 -0.021262666 0.998286931
1305031107.375412941 -0.083352982 -0.103282155 0.032584970 -0.047829348 0.015837127 -0.022193725 0.998483339
1305031107.411271095 -0.089676417 -0.102615145 0.019789647 -0.040672308 0.019265489 -0.021386083 0.998757848
1305031107.443418980 -0.093337078 -0.103720164 0.012650770 -0.035446929 0.021575262 -0.020972947 0.998918495
1305031107.475377083 -0.096286502 -0.109259108 0.009959506 -0.032855339 0.023653399 -0.021026534 0.998958922
1305031107.511352062 -0.102419137 -0.111407489 0.003674071 -0.032241708 0.027356624 -0.020323807 0.998898909
1305031107.543605089 -0.102751572 -0.107843396 0.000080441 -0.031047923 0.028365279 -0.020523950 0.998904502
1305031107.575453997 -0.100901658 -0.105555867 0.000981264 -0.031359046 0.028785179 -0.019439437 0.998904466
1305031107.611270905 -0.098925902 -0.105488634 -0.000799624 -0.031368598 0.028917674 -0.018680693 0.998914817
1305031107.643322945 -0.098386207 -0.101220629 -0.000375530 -0.030601423 0.029288845 -0.017830714 0.998943333
1305031107.675568104 -0.096185164 -0.094487084 0.002660265 -0.030010543 0.029043498 -0.017217149 0.998979185
1305031107.711307049 -0.095194926 -0.091791226 0.005893823 -0.029657900 0.028795719 -0.016359420 0.999011304
1305031107.743537903 -0.094861673 -0.088520120 0.010001076 -0.029331292 0.028658447 -0.015848654 0.999033127
1305031107.775801897 -0.093563259 -0.081122944 0.014087040 -0.028945746 0.027837480 -0.014533504 0.999087582
1305031107.811595917 -0.091824614 -0.077810169 0.017904428 -0.029093275 0.026490734 -0.014185241 0.999124918
1305031107.843332052 -0.089855628 -0.074476563 0.023470400 -0.028905064 0.025780676 -0.013902710 0.999152926
1305031107.875358105 -0.089595569 -0.071615250 0.027152538 -0.029000149 0.025846366 -0.013451751 0.999154646
1305031107.911540985 -0.091062481 -0.070247418 0.029379688 -0.028876369 0.026600138 -0.014318146 0.999126408
1305031107.943121910 -0.095018950 -0.069203046 0.029765791 -0.028346000 0.028769902 -0.015864694 0.999058111
1305031107.975806952 -0.098861469 -0.068500023 0.028584160 -0.027417596 0.030995174 -0.017124855 0.998996654
1305031108.011320114 -0.104846313 -0.072954967 0.025548137 -0.028873511 0.034770943 -0.016926719 0.998834715
1305031108.043417931 -0.106030566 -0.071011513 0.024790803 -0.026338116 0.037482933 -0.020597424 0.998737743
1305031108.075351954 -0.117000395 -0.068085669 0.022307992 -0.025299876 0.045350840 -0.018556920 0.998478271
1305031108.111377954 -0.126567632 -0.067532159 0.021669493 -0.024902536 0.055060351 -0.014492203 0.998067231
1305031108.143333912 -0.137564396 -0.065649313 0.020144248 -0.023884772 0.062619972 -0.012196588 0.997677052
1305031108.176058054 -0.134766737 -0.064327628 0.021072324 -0.023199315 0.063747621 -0.012131821 0.997622600
1305031108.211474895 -0.132438475 -0.059024351 0.025738104 -0.022556041 0.064559117 -0.011124347 0.997596910
1305031108.243346930 -0.125915305 -0.053615867 0.024612271 -0.024326777 0.063915306 -0.009508473 0.997613467
1305031108.275357962 -0.121525457 -0.053308117 0.027464356 -0.024213693 0.064121187 -0.010227572 0.997595894
1305031108.311331987 -0.120334791 -0.050828001 0.030241644 -0.023685863 0.065517895 -0.010418262 0.997515837
1305031108.343277931 -0.114932318 -0.043894411 0.030616608 -0.024611731 0.064879350 -0.008377839 0.997554382
1305031108.375410080 -0.110204230 -0.046763201 0.031782400 -0.031031306 0.063749580 -0.006392764 0.997462872
1305031108.411360979 -0.098321681 -0.046041966 0.034478721 -0.034721333 0.059763969 0.000108175 0.997608483
1305031108.443609953 -0.088163843 -0.046917347 0.037660022 -0.038430874 0.056223924 0.006709219 0.997655714
1305031108.475471020 -0.078695119 -0.048493133 0.041177974 -0.041665059 0.053396133 0.012956266 0.997619672
1305031108.511378050 -0.069388470 -0.052203050 0.042286710 -0.045106918 0.050986437 0.019055873 0.997498182
1305031108.543736935 -0.065562691 -0.054303961 0.041479478 -0.045436839 0.052140199 0.021481400 0.997374274
1305031108.575413942 -0.073759074 -0.049488518 0.041364678 -0.040614479 0.060152480 0.024597862 0.997059220
1305031108.611407042 -0.077623722 -0.042850367 0.040450097 -0.037266220 0.064097566 0.023716079 0.996965535
1305031108.643302917 -0.075275534 -0.041049590 0.040929446 -0.036744037 0.066661293 0.025228528 0.996779649
1305031108.675374985 -0.080671663 -0.039988934 0.044273089 -0.036510187 0.072280110 0.027297841 0.996342019
1305031108.711410999 -0.079398150 -0.038641192 0.048483914 -0.037178044 0.075622878 0.030439102 0.995978129
1305031108.743501902 -0.085609156 -0.044427515 0.050309649 -0.041784462 0.083199711 0.039315799 0.994879960
1305031108.775492907 -0.086274080 -0.045284882 0.052916395 -0.042206137 0.086033120 0.041903922 0.994515463
1305031108.811244011 -0.087278048 -0.044671873 0.055004028 -0.042409710 0.089032795 0.044320125 0.994137971
1305031108.843264103 -0.086245195 -0.045917107 0.056993958 -0.042915988 0.090903149 0.047235959 0.993812658
1305031108.943243027 -0.076007591 -0.047470282 0.051051004 -0.039763305 0.086198067 0.056504273 0.993879288
1305031108.975267887 -0.076007591 -0.047470282 0.051051004 -0.039763305 0.086198067 0.056504273 0.993879288
1305031109.011269093 -0.074569614 -0.043077777 0.046809625 -0.037114089 0.082978650 0.054613206 0.994361346
1305031109.043277025 -0.070082839 -0.043968665 0.045312677 -0.037672018 0.079816685 0.053719592 0.994647838
1305031109.075409889 -0.074839954 -0.041086195 0.042831838 -0.036449316 0.080531683 0.051533878 0.994751404
1305031109.111282110 -0.072093549 -0.036820469 0.041627049 -0.035918119 0.077286185 0.049554574 0.995128674
1305031109.143333912 -0.071350277 -0.043725881 0.042028035 -0.040926816 0.075339315 0.045321357 0.995286370
1305031109.175463915 -0.070097272 -0.042932381 0.040327448 -0.040710866 0.072902025 0.044586282 0.995509911
1305031109.211379051 -0.062953940 -0.036356256 0.038856160 -0.039608183 0.066091451 0.040728282 0.996194920
1305031109.243289948 -0.059392625 -0.028403427 0.038324551 -0.040853491 0.061960685 0.043520717 0.996292032
1305031109.275307894 -0.056696069 -0.033985383 0.038511726 -0.048503775 0.059005319 0.047094761 0.995965782
1305031109.311328888 -0.055416682 -0.037594654 0.037254608 -0.050090079 0.056467760 0.049362830 0.995924539
1305031109.343247890 -0.051119173 -0.036568047 0.035276863 -0.049268485 0.049792638 0.048436605 0.996367003
1305031109.375396967 -0.044579579 -0.034629505 0.035511409 -0.050225872 0.043202305 0.047243894 0.996683971
1305031109.411329031 -0.039773963 -0.033450807 0.035121820 -0.050883112 0.037738654 0.046455944 0.996909498
1305031109.443301916 -0.038985417 -0.033822693 0.034776414 -0.051299600 0.035071835 0.045477090 0.997030667
1305031109.475363016 -0.040278269 -0.036790670 0.035117892 -0.055120422 0.032544591 0.039398050 0.997171190
1305031109.511272907 -0.043971366 -0.040734734 0.036012983 -0.057665670 0.032587853 0.036782573 0.997125742
1305031109.543293953 -0.048470457 -0.042074479 0.033475733 -0.057559504 0.032335626 0.034985395 0.997204760
1305031109.575361967 -0.050230441 -0.041845080 0.029810416 -0.056640350 0.031602193 0.033416886 0.997334690
1305031109.611310005 -0.055704344 -0.042195981 0.028587578 -0.056609891 0.032276127 0.032423713 0.997347620
1305031109.643229008 -0.059391593 -0.041122414 0.028407962 -0.056183330 0.032089932 0.031438959 0.997409275
1305031109.675262928 -0.061033841 -0.039461519 0.028918385 -0.055828097 0.031402617 0.030953242 0.997466288
1305031109.711312056 -0.064414449 -0.038188970 0.030494536 -0.056311480 0.031381200 0.032146997 0.997402029
1305031109.743273973 -0.067642995 -0.032024238 0.034118950 -0.055014789 0.030625712 0.030215194 0.997558259
1305031109.775276899 -0.065287382 -0.032519557 0.033860039 -0.058878015 0.028062426 0.026606321 0.997515906
1305031109.811371088 -0.068590638 -0.030135908 0.038473897 -0.058840783 0.027931750 0.026119937 0.997534625
1305031109.843296051 -0.073965628 -0.027947115 0.042824665 -0.058914893 0.028537518 0.025496758 0.997529228
1305031109.875305891 -0.077479606 -0.028390364 0.048803719 -0.060644620 0.028340402 0.025453003 0.997432302
1305031109.911264896 -0.078343363 -0.027894703 0.054140954 -0.062319385 0.026662012 0.024006191 0.997411216
1305031109.943299055 -0.076911858 -0.029895768 0.058665727 -0.063395460 0.023540776 0.021963970 0.997469013
1305031109.975258112 -0.080102870 -0.029125894 0.065091111 -0.064760639 0.022842449 0.018349222 0.997470595
1305031110.011255980 -0.080185346 -0.037913547 0.068877429 -0.072118275 0.020739974 0.013455203 0.997089648
1305031110.043298960 -0.079514358 -0.042814104 0.073646258 -0.076107014 0.018284762 0.008091132 0.996899154
1305031110.075319052 -0.082514872 -0.046011502 0.078805904 -0.079794738 0.017690645 0.002650567 0.996650799
1305031110.111325026 -0.083621968 -0.048932705 0.082552551 -0.083748732 0.016166562 -0.002092560 0.996353558
1305031110.143431902 -0.081508718 -0.059044594 0.088526489 -0.091310723 0.012967479 -0.005377641 0.995723494
1305031110.175641060 -0.082458537 -0.061830106 0.094384620 -0.092575443 0.010714726 -0.005663239 0.995631915
1305031110.211637020 -0.084192063 -0.060314529 0.099890906 -0.093261861 0.008586704 -0.006484558 0.995583469
1305031110.243323088 -0.088896827 -0.065381310 0.106334197 -0.096615671 0.008630455 -0.004822157 0.995272663
1305031110.279320955 -0.086164689 -0.067051813 0.106156271 -0.097032449 0.005002567 -0.004074559 0.995260306
1305031110.311403990 -0.082598512 -0.066052921 0.102906799 -0.096064357 0.001433567 -0.005257286 0.995360209
1305031110.343354940 -0.079213740 -0.063674375 0.099332338 -0.094312530 -0.002298078 -0.006796662 0.995516786
1305031110.379281044 -0.079005087 -0.061603069 0.097022437 -0.093520272 -0.004926588 -0.007073401 0.995580059
1305031110.411468983 -0.074383593 -0.061618290 0.095620593 -0.093095360 -0.009387991 -0.009201773 0.995570413
1305031110.443259954 -0.076761319 -0.055560309 0.096163639 -0.091044408 -0.011386789 -0.012295302 0.995705821
1305031110.479331017 -0.084649032 -0.056738570 0.106432822 -0.093018428 -0.012278032 -0.014274672 0.995486341
1305031110.511429071 -0.090373432 -0.060935987 0.112019536 -0.094568571 -0.013565775 -0.015791978 0.995300642
1305031110.543407917 -0.088904471 -0.060393787 0.113945666 -0.094082038 -0.016664102 -0.017930306 0.995263474
1305031110.579426050 -0.094074159 -0.053878789 0.119146020 -0.092595219 -0.017614985 -0.019905871 0.995348981
1305031110.611306906 -0.086677382 -0.056667941 0.121114230 -0.097842103 -0.023380203 -0.026418710 0.994576463
1305031110.643418074 -0.091971906 -0.063083427 0.129807877 -0.100697959 -0.023551661 -0.027529763 0.994257186
1305031110.679605961 -0.093180440 -0.060958112 0.126747895 -0.099455248 -0.024165975 -0.029540974 0.994309806
1305031110.711411953 -0.098780241 -0.056111119 0.129746402 -0.098297384 -0.023650599 -0.030726378 0.994401409
1305031110.743248940 -0.105935562 -0.061104637 0.138075496 -0.100582711 -0.022550251 -0.029760447 0.994227801
1305031110.779192924 -0.108065812 -0.062989185 0.138865591 -0.101128671 -0.022545842 -0.029959830 0.994166528
1305031110.811386108 -0.108675596 -0.061703733 0.138984058 -0.100695723 -0.022733189 -0.030686458 0.994184045
1305031110.843218088 -0.114145778 -0.060546821 0.142583109 -0.100599719 -0.021555043 -0.031537849 0.994193362
1305031110.879312992 -0.116205835 -0.064077295 0.146184266 -0.101913246 -0.021455756 -0.030943477 0.994080400
1305031110.911333084 -0.113635211 -0.063662292 0.144409240 -0.101781035 -0.022283054 -0.030943102 0.994075757
1305031110.943861961 -0.112955347 -0.063809554 0.146109849 -0.102031834 -0.022690908 -0.030721984 0.994047679
1305031110.979345083 -0.109869093 -0.062991345 0.144981102 -0.101865090 -0.023492109 -0.030570169 0.994050848
1305031111.011430979 -0.110872124 -0.059774354 0.148190709 -0.101398737 -0.022787549 -0.030590764 0.994114294
1305031111.043327093 -0.118676027 -0.064473677 0.151883454 -0.104124887 -0.017805881 -0.026041877 0.994063770
1305031111.079282999 -0.119469905 -0.064112461 0.152309456 -0.104483932 -0.016336444 -0.025027383 0.994077391
1305031111.111507893 -0.119558678 -0.067335072 0.157791162 -0.106683653 -0.015106724 -0.021656341 0.993942346
1305031111.143256903 -0.114104369 -0.070758666 0.159195669 -0.108224076 -0.015655524 -0.019670396 0.993808598
1305031111.179326057 -0.109701957 -0.070324493 0.155055798 -0.107896747 -0.015982375 -0.019466964 0.993842992
1305031111.211432934 -0.103579503 -0.070064286 0.151792020 -0.107695778 -0.015984629 -0.019001957 0.993873753
1305031111.243236065 -0.102640103 -0.070597781 0.151913184 -0.108055725 -0.014412631 -0.018480578 0.993868555
1305031111.279308081 -0.098452302 -0.074153862 0.149896962 -0.109195254 -0.014722038 -0.016877994 0.993767977
1305031111.311547041 -0.085012377 -0.072139325 0.139638706 -0.106974282 -0.017200803 -0.017291129 0.993962601
1305031111.343396902 -0.079306877 -0.066821184 0.135520305 -0.105510343 -0.017441520 -0.016167409 0.994133782
1305031111.379133940 -0.076129277 -0.074889015 0.140035466 -0.109531035 -0.018092978 -0.012864709 0.993735425
1305031111.411295891 -0.058110528 -0.077680473 0.133863910 -0.109969588 -0.022752065 -0.010923968 0.993614463
1305031111.443386078 -0.053717417 -0.073181476 0.126191445 -0.107103876 -0.023335196 -0.010423369 0.993919303
1305031111.479259014 -0.048540958 -0.072472157 0.124782086 -0.106528687 -0.024645341 -0.011654119 0.993935827
1305031111.511264086 -0.044280792 -0.072701815 0.119417461 -0.105963766 -0.022480249 -0.011834178 0.994045407
1305031111.543250084 -0.051391041 -0.073849544 0.110934317 -0.105649152 -0.013009706 -0.009922887 0.994268847
1305031111.579236984 -0.043753113 -0.074783387 0.103382009 -0.104310573 -0.013007083 -0.010853018 0.994400489
1305031111.611270905 -0.037863412 -0.071356265 0.096678256 -0.102898627 -0.012180820 -0.010619316 0.994560571
1305031111.643394947 -0.030058447 -0.078258541 0.095098117 -0.106173292 -0.012845657 -0.005602498 0.994248879
1305031111.679320097 -0.022112648 -0.080337365 0.089562300 -0.103782706 -0.013477371 0.002223819 0.994506192
1305031111.711760044 -0.025443489 -0.070826637 0.082285378 -0.098567698 -0.003075962 0.010798772 0.995067000
1305031111.743386030 -0.036004511 -0.072462398 0.080180707 -0.098906583 0.005007329 0.010896458 0.995024463
1305031111.779422998 -0.047429095 -0.072571439 0.075953902 -0.096335844 0.018820093 0.016390973 0.995035952
1305031111.811405897 -0.072524066 -0.063786427 0.065915373 -0.093482206 0.039553189 0.022580113 0.994578685
1305031111.843298912 -0.089354094 -0.063130805 0.059764060 -0.093474776 0.054749726 0.029292281 0.993683499
1305031111.879441977 -0.089438542 -0.055858643 0.055075565 -0.089768152 0.057740703 0.028815504 0.993869889
1305031111.911354065 -0.089463544 -0.055376247 0.055328615 -0.089892286 0.059491189 0.030007801 0.993720135
1305031111.943300009 -0.080141054 -0.056825826 0.051862542 -0.090086977 0.056721630 0.033926704 0.993738382
1305031111.979449034 -0.069678963 -0.054983009 0.050231085 -0.087935981 0.053386147 0.041899247 0.993811670
1305031112.011432886 -0.061758289 -0.051329973 0.045597035 -0.086676447 0.052417766 0.045165857 0.993830779
1305031112.043270111 -0.066706178 -0.051893190 0.042326914 -0.085582468 0.057008957 0.043437927 0.993749851
1305031112.079339027 -0.068447834 -0.048876478 0.038171058 -0.082910649 0.060535631 0.041099733 0.993867231
1305031112.111423016 -0.077530793 -0.049492166 0.036816248 -0.082421178 0.070112777 0.041672821 0.993254410
1305031112.144341946 -0.081215802 -0.049437783 0.036861507 -0.081469315 0.073962345 0.039817520 0.993129844
1305031112.179389954 -0.083512873 -0.047193643 0.036382208 -0.081050630 0.077419802 0.037119527 0.993005091
1305031112.211253881 -0.093293447 -0.050288401 0.037163164 -0.084307579 0.085533023 0.034457975 0.992163788
1305031112.243369102 -0.102344946 -0.057787646 0.038732021 -0.085959873 0.093851415 0.033744400 0.991294168
1305031112.279352903 -0.109230855 -0.059532007 0.038343120 -0.082826288 0.102026797 0.032577766 0.990792121
1305031112.311311960 -0.114013510 -0.061262722 0.037844914 -0.080443152 0.107033826 0.030535796 0.990525227
1305031112.343322992 -0.113013681 -0.059395325 0.035450833 -0.075452000 0.108755300 0.032701908 0.990661327
1305031112.379359961 -0.110701256 -0.055971480 0.033916809 -0.070489274 0.109301652 0.034561995 0.990903567
1305031112.411442041 -0.106983146 -0.053813834 0.032816266 -0.067564173 0.108812665 0.038677421 0.991009053
1305031112.443391085 -0.101808603 -0.054319032 0.030563993 -0.067255127 0.107561120 0.040581727 0.991090549
1305031112.479418039 -0.099126181 -0.055774158 0.030333226 -0.066379395 0.108062708 0.044206798 0.990939951
1305031112.511503935 -0.097386621 -0.055473982 0.028867002 -0.065040795 0.108385765 0.048799741 0.990777879
1305031112.543211937 -0.092983809 -0.057700002 0.029325628 -0.064838844 0.107224807 0.050839569 0.990814868
1305031112.579252005 -0.091587686 -0.058083819 0.027939286 -0.064241058 0.106730787 0.052441061 0.990823678
1305031112.611260891 -0.087828377 -0.058486417 0.027070952 -0.063919947 0.105704876 0.054796848 0.990826940
1305031112.643245935 -0.083978344 -0.057551850 0.028388385 -0.064004636 0.106276412 0.056523095 0.990663349
1305031112.679951906 -0.090584675 -0.060354311 0.034159495 -0.065829807 0.114490270 0.063183482 0.989225082
1305031112.711251020 -0.089605135 -0.060682906 0.037590402 -0.066323759 0.117223634 0.065340750 0.988731695
1305031112.743244886 -0.091072710 -0.058167623 0.041094223 -0.065906107 0.120190235 0.066784041 0.988306928
1305031112.779309988 -0.094061183 -0.059483403 0.042231517 -0.071064266 0.123068958 0.071171366 0.987288478
1305031112.811310053 -0.094252484 -0.069588162 0.044975214 -0.078960942 0.124529723 0.075356654 0.986194146
1305031112.843286037 -0.093970107 -0.069236240 0.047568511 -0.079250429 0.124100700 0.075113555 0.986243550
1305031112.879420996 -0.085401234 -0.063749583 0.048326362 -0.078563920 0.118131894 0.073936259 0.987120051
1305031112.911411047 -0.082438461 -0.065161057 0.048529388 -0.081824809 0.116133527 0.074750116 0.987030964
1305031112.943320990 -0.082438461 -0.065161057 0.048529388 -0.081824809 0.116133527 0.074750116 0.987030964
1305031112.979278088 -0.076725030 -0.065215255 0.047427774 -0.082866517 0.111005407 0.073037220 0.987662141
1305031113.011353016 -0.071865133 -0.064440145 0.046106228 -0.083114980 0.106296433 0.071388137 0.988279668
1305031113.043231010 -0.068518253 -0.061739407 0.045324046 -0.082959578 0.103240920 0.070212650 0.988700766
1305031113.079251051 -0.067616573 -0.061649045 0.044557098 -0.084460248 0.101656555 0.069929033 0.988757979
1305031113.111315966 -0.066512228 -0.062874611 0.041774655 -0.084292432 0.098716501 0.067588670 0.989232839
1305031113.143306017 -0.066268611 -0.054436959 0.038748426 -0.080507955 0.094908183 0.063257974 0.990206713
1305031113.179342985 -0.065774110 -0.051618768 0.038731534 -0.080665574 0.092601821 0.061748248 0.990507507
1305031113.211258888 -0.066795276 -0.054312906 0.038350099 -0.081857425 0.091131914 0.062715623 0.990485278
1305031113.243227005 -0.065816967 -0.050274510 0.034403803 -0.079638958 0.087251791 0.063175301 0.990986197
1305031113.279311895 -0.061189484 -0.048799466 0.033144745 -0.080332848 0.082754734 0.063851630 0.991272544
1305031113.311451912 -0.055186487 -0.051390649 0.031226753 -0.080929222 0.077108563 0.064182146 0.991657896
1305031113.343251944 -0.052513313 -0.051194866 0.027651534 -0.076869102 0.072343072 0.067143957 0.992143795
1305031113.379312038 -0.045768975 -0.046870833 0.026052370 -0.073552467 0.065142623 0.066692155 0.992924282
1305031113.411624908 -0.042246757 -0.045269484 0.028974810 -0.073837622 0.059566034 0.064618294 0.993390341
1305031113.443265915 -0.038096380 -0.048479327 0.027597716 -0.074225272 0.053319085 0.062519893 0.993850566
1305031113.479310989 -0.035831953 -0.045052974 0.029816043 -0.072887772 0.047724952 0.057530330 0.994535049
1305031113.511523008 -0.031432398 -0.045868246 0.031623750 -0.075868367 0.041516737 0.050969248 0.994948485
1305031113.543241978 -0.030049113 -0.049685254 0.035853927 -0.078778669 0.037999118 0.050194737 0.994902245
1305031113.579301119 -0.029523300 -0.050572806 0.037972612 -0.079082274 0.034707711 0.049028291 0.995056579
1305031113.611268044 -0.024735338 -0.050331652 0.041846416 -0.079066165 0.029459070 0.045574000 0.995391237
1305031113.643222094 -0.020055916 -0.045156197 0.041240028 -0.078957879 0.024592836 0.037453833 0.995870502
1305031113.679287910 -0.025603781 -0.048172067 0.044954905 -0.080937979 0.025346548 0.033507907 0.995833227
1305031113.711930990 -0.031735739 -0.049267334 0.047414971 -0.081495495 0.026328524 0.030205926 0.995867911
1305031113.743590117 -0.037900129 -0.050415325 0.048926751 -0.081509726 0.027609819 0.026154025 0.995946700
1305031113.779320002 -0.044652812 -0.051144581 0.051079636 -0.081323058 0.029335147 0.022988752 0.995990726
1305031113.811237097 -0.052524503 -0.051660812 0.052476593 -0.080790399 0.031128162 0.020770609 0.996028379
1305031113.843295097 -0.055048637 -0.051310596 0.053068815 -0.080376038 0.031167012 0.019549941 0.996085393
1305031113.879281044 -0.062904512 -0.052151746 0.056855360 -0.080972133 0.033082438 0.016177408 0.996035821
1305031113.911289930 -0.063925256 -0.052673810 0.055769120 -0.080010193 0.032004993 0.014960856 0.996167768
1305031113.943290949 -0.063423422 -0.051991963 0.051703833 -0.079444318 0.030810366 0.015095053 0.996248694
1305031113.979293108 -0.068457230 -0.051616103 0.049646027 -0.078518336 0.031981365 0.013672345 0.996305741
1305031114.011256933 -0.074820147 -0.051791642 0.048786775 -0.077059699 0.033123819 0.010158528 0.996424317
1305031114.043301105 -0.077506579 -0.052061466 0.047553638 -0.076369264 0.032503768 0.008939515 0.996509571
1305031114.079284906 -0.074814483 -0.053065831 0.045730207 -0.076179701 0.028937932 0.008375745 0.996638900
1305031114.111263037 -0.069537484 -0.052063879 0.042402915 -0.075009969 0.023663685 0.008256523 0.996867777
1305031114.143284082 -0.065933752 -0.048564093 0.043148401 -0.073241181 0.018445033 0.005243664 0.997129888
1305031114.179337025 -0.066621043 -0.048137927 0.044340312 -0.072717290 0.015946407 0.003611277 0.997218565
1305031114.211302996 -0.064980711 -0.048939755 0.040844213 -0.071917497 0.014324750 0.002399257 0.997304827
1305031114.243336916 -0.072918483 -0.045889450 0.043738593 -0.071166644 0.015213049 0.000173252 0.997348405
1305031114.279390097 -0.077347256 -0.046093011 0.050058015 -0.071395484 0.013176753 -0.001732289 0.997359543
1305031114.311429024 -0.072520041 -0.047290621 0.052792672 -0.071456346 0.006790578 -0.003199903 0.997415480
1305031114.343331099 -0.063125102 -0.044848110 0.058664182 -0.070629267 -0.001339808 -0.005848660 0.997484589
1305031114.379319906 -0.066662573 -0.044397680 0.063485010 -0.070217712 -0.003186781 -0.008921504 0.997486704
1305031114.411396980 -0.072029015 -0.043916060 0.065978757 -0.069849290 -0.003424278 -0.011211863 0.997488669
1305031114.443345070 -0.077612116 -0.045620928 0.067484746 -0.069939495 -0.003553202 -0.012591575 0.997465435
1305031114.479331970 -0.075212593 -0.046276933 0.070313914 -0.069851620 -0.007068475 -0.014143201 0.997432082
1305031114.511265993 -0.067835466 -0.043456581 0.072134231 -0.068505051 -0.013990000 -0.016455631 0.997416939
1305031114.543236017 -0.063801301 -0.039684394 0.078190167 -0.067105525 -0.019871945 -0.020851271 0.997330025
1305031114.579236984 -0.062905211 -0.040855361 0.084042808 -0.067925596 -0.021463431 -0.020885306 0.997240813
1305031114.611391068 -0.063090241 -0.040874061 0.086448696 -0.068310765 -0.021896547 -0.020113938 0.997220943
1305031114.644135952 -0.068039495 -0.037013919 0.094100135 -0.068334450 -0.021323361 -0.019532955 0.997243291
1305031114.679250956 -0.072541915 -0.040298444 0.102389193 -0.071075589 -0.021582728 -0.019273764 0.997051136
1305031114.711306095 -0.066709534 -0.043857542 0.106307429 -0.072269476 -0.025378343 -0.019657238 0.996868424
1305031114.743200064 -0.059875813 -0.043218653 0.104353991 -0.071899199 -0.028188074 -0.020310739 0.996806607
1305031114.779289007 -0.060353878 -0.042562058 0.100440625 -0.071230839 -0.028737496 -0.022199517 0.996798628
1305031114.811302900 -0.060957450 -0.039287813 0.094477510 -0.069969026 -0.028522312 -0.023692179 0.996859817
1305031114.843208075 -0.063729562 -0.039079573 0.096784745 -0.070141754 -0.027937463 -0.023891318 0.996859487
1305031114.879281044 -0.063532986 -0.037222704 0.096386844 -0.069632491 -0.028166247 -0.024540766 0.996872976
1305031114.912878990 -0.061865472 -0.035707831 0.097869993 -0.069480678 -0.028457389 -0.024157430 0.996884663
1305031114.943233967 -0.063864918 -0.031854999 0.101716003 -0.068914400 -0.027846175 -0.024872329 0.996923650
1305031114.979279995 -0.069382222 -0.029797038 0.110837694 -0.069075158 -0.026149171 -0.025501444 0.996942586
1305031115.011300087 -0.076498663 -0.026208470 0.119874164 -0.069175788 -0.023819432 -0.025928019 0.996982990
1305031115.043508053 -0.070387771 -0.023361606 0.113061403 -0.075213415 -0.024202693 -0.026316488 0.996526274
1305031115.079237938 -0.073774273 -0.025474324 0.122938223 -0.076907724 -0.022283652 -0.025478712 0.996463485
1305031115.111229897 -0.079379577 -0.023116253 0.132129709 -0.077160098 -0.019379208 -0.025193162 0.996511952
1305031115.143275023 -0.088021855 -0.025923313 0.141742944 -0.079365773 -0.013722774 -0.022377092 0.996499887
1305031115.179440022 -0.099880138 -0.029085881 0.145905471 -0.081552565 -0.005433356 -0.018482623 0.996482840
1305031115.211374044 -0.098592324 -0.033909327 0.151203598 -0.084051774 -0.004618415 -0.016224383 0.996318593
1305031115.243297100 -0.087043544 -0.037003911 0.149720584 -0.085288519 -0.006114853 -0.013795341 0.996242022
1305031115.279966116 -0.079271167 -0.033923446 0.143078142 -0.083335116 -0.005871735 -0.011014383 0.996443408
1305031115.311703920 -0.068989018 -0.032765241 0.143433465 -0.083990667 -0.007086058 -0.007839440 0.996410507
1305031115.343235016 -0.058329704 -0.036645458 0.140414711 -0.085342781 -0.007031582 -0.005338262 0.996312536
1305031115.379165888 -0.047859637 -0.031595975 0.135268589 -0.084177504 0.001329134 -0.003581830 0.996443451
1305031115.411237001 -0.045488275 -0.033502435 0.141012000 -0.089780000 0.001506386 0.000404079 0.995960400
1305031115.443159103 -0.037702735 -0.033198421 0.142227093 -0.093568727 -0.000887987 0.006213733 0.995593036
1305031115.479240894 -0.029797477 -0.033633426 0.147402216 -0.095638900 -0.002149519 0.010255434 0.995360943
1305031115.511253119 -0.024131348 -0.033926350 0.152087957 -0.098599560 -0.002591205 0.014968606 0.995011233
1305031115.543603897 -0.021017120 -0.038013864 0.155647862 -0.101292451 0.000317244 0.019417673 0.994667127
1305031115.579314947 0.007280272 -0.036527069 0.151007165 -0.101187747 0.008953830 0.019595239 0.994634051
1305031115.611423969 0.003433994 -0.037953131 0.148416956 -0.101696670 0.015230827 0.020744899 0.994482508
1305031115.643254042 0.006276628 -0.037921910 0.144248751 -0.101432405 0.017489077 0.022826984 0.994426733
1305031115.679240942 0.004036847 -0.035569323 0.138513152 -0.099522017 0.021886890 0.025341889 0.994471780
1305031115.711319923 0.010646638 -0.030758306 0.133165266 -0.096337209 0.021196144 0.032509577 0.994591873
1305031115.743249893 0.015540325 -0.024467469 0.128933089 -0.093698807 0.021587704 0.037016731 0.994677971
1305031115.779424906 0.017011625 -0.023269806 0.125366511 -0.092875429 0.024289039 0.037101471 0.994689740
1305031115.811276913 0.022216755 -0.020311516 0.120491170 -0.091565585 0.025014941 0.037544539 0.994776560
1305031115.843224049 0.022409568 -0.016372980 0.118657112 -0.090534912 0.028413056 0.039317408 0.994711149
1305031115.879198074 0.019172262 -0.017926623 0.118969413 -0.092329262 0.034748613 0.043927426 0.994152012
1305031115.911118031 0.028406721 -0.018343612 0.115879069 -0.092112771 0.033319423 0.047336623 0.994064534
1305031115.943310976 0.036399527 -0.013585573 0.113288354 -0.090205561 0.031892708 0.047971895 0.994255756
1305031115.980740070 0.037068315 -0.009451613 0.114766014 -0.089046037 0.034892353 0.050316594 0.994143635
1305031116.011379004 0.040569991 -0.005091282 0.116724316 -0.088094892 0.036027897 0.050106013 0.994198505
1305031116.043164015 0.043418048 0.001698167 0.117934249 -0.086948582 0.037951311 0.047003481 0.994379362
1305031116.080029964 0.041613308 0.007148195 0.119247268 -0.087172208 0.042233235 0.043859259 0.994330793
1305031116.111299992 0.040937846 0.009523664 0.121879202 -0.090186557 0.046180978 0.044181066 0.993872092
1305031116.143440962 0.037046970 0.012930550 0.125668712 -0.092035354 0.050882571 0.041636688 0.993582832
1305031116.179572105 0.034738264 0.014665463 0.128363880 -0.093053806 0.054846745 0.042562650 0.993237758
1305031116.211298943 0.034380820 0.017655064 0.131049450 -0.092763173 0.057169713 0.043866945 0.993077192
1305031116.243319988 0.035460529 0.019108232 0.133274419 -0.093778386 0.059289563 0.046639481 0.992731142
1305031116.279385090 0.034002315 0.019645728 0.134278195 -0.093841345 0.061844089 0.047339553 0.992536184
1305031116.311336040 0.031065318 0.020853589 0.134702715 -0.093879439 0.066647491 0.048945920 0.992143669
1305031116.343291998 0.031048336 0.021623968 0.134896313 -0.094240548 0.068608514 0.050291894 0.991908421
1305031116.379384041 0.032165143 0.021207873 0.131923249 -0.093630347 0.068961804 0.050761743 0.991917775
1305031116.411333084 0.031406780 0.019200885 0.129515457 -0.092089659 0.069805727 0.051157353 0.991982651
1305031116.443368912 0.034061359 0.020001636 0.128267132 -0.091616089 0.069067584 0.053308326 0.991964910
1305031116.479850054 0.036204150 0.019250171 0.128178881 -0.093163891 0.068639932 0.056051452 0.991699190
1305031116.511204958 0.034882396 0.017943631 0.125773955 -0.092916235 0.069248748 0.056500089 0.991654640
1305031116.543262005 0.032390260 0.016739223 0.123570181 -0.092442306 0.070008105 0.054968285 0.991731704
1305031116.579313040 0.029512115 0.015958929 0.122002564 -0.092233962 0.070774286 0.054246235 0.991736478
1305031116.611260891 0.027908190 0.015348997 0.120676316 -0.092700300 0.070432441 0.052728023 0.991799214
1305031116.643354893 0.024342438 0.012239401 0.119961653 -0.093985587 0.070307673 0.049724535 0.991842231
1305031116.679280996 0.022016310 0.009637777 0.119698695 -0.094507104 0.069444313 0.048256641 0.991926001
1305031116.711633921 0.019783320 0.006896141 0.117969709 -0.096115671 0.067482362 0.044594785 0.992078230
1305031116.743290901 0.018043331 0.003825181 0.117111545 -0.097980715 0.066065913 0.039877063 0.992191965
1305031116.779298067 0.017571243 0.001569110 0.116010178 -0.100208609 0.063676828 0.034499362 0.992327209
1305031116.811317921 0.015143063 -0.002718676 0.115459377 -0.103777313 0.061604577 0.028347208 0.992286038
1305031116.846088886 0.012688397 -0.005023103 0.113289936 -0.104989455 0.059161850 0.023420132 0.992435684
1305031116.880165100 0.016187170 -0.005826307 0.111508755 -0.105199421 0.053060087 0.020665168 0.992819550
1305031116.912044048 0.020329242 -0.007257567 0.111009117 -0.106595425 0.046594456 0.017373771 0.993058168
1305031116.943295956 0.028070326 -0.005807510 0.108738199 -0.106226574 0.038551076 0.014790584 0.993484257
1305031116.979351044 0.030926312 -0.007380427 0.110377808 -0.106899473 0.032559352 0.012255143 0.993661010
1305031117.011382103 0.035240993 -0.005878752 0.111402302 -0.105270693 0.022352561 0.002201516 0.994189920
1305031117.043261051 0.043361504 -0.002980416 0.111881444 -0.103464010 0.011177672 -0.004561777 0.994559927
1305031117.079519987 0.042176549 -0.001915843 0.114425315 -0.103934866 0.007335520 -0.006126867 0.994538182
1305031117.111238003 0.042936272 -0.003797756 0.119132593 -0.105664518 0.003784126 -0.006188294 0.994375379
1305031117.143218040 0.042936272 -0.003797756 0.119132593 -0.105664518 0.003784126 -0.006188294 0.994375379
1305031117.179264069 0.050132059 -0.004886899 0.122638416 -0.107693535 -0.002491043 -0.005920280 0.994163391
1305031117.211360931 0.050132059 -0.004886899 0.122638416 -0.107693535 -0.002491043 -0.005920280 0.994163391
1305031117.243277073 0.053327826 -0.002192542 0.126214147 -0.107537681 -0.006288120 -0.006412648 0.994160442
1305031117.279299021 0.051906774 -0.005009870 0.130228939 -0.111924876 -0.006409069 -0.009484312 0.993650740
1305031117.311199903 0.048681997 -0.011903498 0.134281271 -0.117693728 -0.005151977 -0.013476936 0.992945122
1305031117.343242884 0.045127343 -0.019580510 0.138685674 -0.121994996 -0.003833135 -0.013889434 0.992426124
1305031117.379453897 0.045771571 -0.022413629 0.139369909 -0.123206966 -0.004516885 -0.013493844 0.992278972
1305031117.411221027 0.044486923 -0.022068573 0.136288028 -0.122102061 -0.004111441 -0.013444552 0.992417970
1305031117.443274021 0.043862836 -0.019027065 0.132350790 -0.118314583 -0.004328168 -0.011457026 0.992900631
1305031117.479403019 0.050065546 -0.020984817 0.127977449 -0.117085817 -0.007330200 -0.011307825 0.993030369
1305031117.511324883 0.053841655 -0.025400570 0.124830957 -0.116819904 -0.009578039 -0.009654345 0.993060001
1305031117.544285059 0.059109368 -0.026675815 0.120672519 -0.113007970 -0.011706785 -0.007401145 0.993497545
1305031117.579154968 0.057386444 -0.026187489 0.116872545 -0.108371182 -0.011030230 -0.006868091 0.994025578
1305031117.611159086 0.060726350 -0.027258244 0.112325775 -0.107004045 -0.013175251 -0.007228840 0.994145005
1305031117.643251896 0.063293012 -0.030427070 0.109586309 -0.106636885 -0.014583799 -0.006603031 0.994169144
1305031117.679261923 0.065805316 -0.032032599 0.107709580 -0.104660157 -0.015931959 -0.004972806 0.994367988
1305031117.711184025 0.070487527 -0.038026318 0.106665802 -0.106357963 -0.018151260 -0.003853204 0.994154751
1305031117.743184090 0.075778378 -0.042634421 0.104630224 -0.107287297 -0.020459314 -0.001349886 0.994016615
1305031117.779467106 0.083301514 -0.048269822 0.102192422 -0.108240708 -0.023823995 0.000472213 0.993839093
1305031117.811320066 0.086681984 -0.050784914 0.099812474 -0.108605002 -0.025411186 0.001512609 0.993758993
1305031117.843291044 0.094807065 -0.057764865 0.098072661 -0.110271870 -0.028447329 0.002947272 0.993489898
1305031117.879451036 0.093485208 -0.058842122 0.094733522 -0.108421420 -0.027494111 0.003039333 0.993720097
1305031117.911406994 0.091110132 -0.062746365 0.093567211 -0.108780566 -0.026217073 0.002047948 0.993717897
1305031117.943253040 0.091427733 -0.067616299 0.092452183 -0.108992893 -0.026157347 0.001174351 0.993697622
1305031117.979228020 0.088478492 -0.068097843 0.092021039 -0.107986429 -0.024777381 -0.000262419 0.993843521
1305031118.011228085 0.085070631 -0.075333660 0.096591628 -0.110748667 -0.023658393 0.000518563 0.993566678
1305031118.043520927 0.083720187 -0.080827569 0.097132331 -0.112012764 -0.023299703 0.001223048 0.993432820
1305031118.079334021 0.085505763 -0.084844285 0.097263593 -0.111934052 -0.023900918 -0.000510194 0.993428031
1305031118.111217022 0.082986705 -0.089160455 0.098474793 -0.112150845 -0.022732194 -0.001587884 0.993429874
1305031118.143255949 0.079087657 -0.094971544 0.099601936 -0.112270553 -0.020617418 -0.004262632 0.993454616
1305031118.179322958 0.078404328 -0.098490661 0.099146087 -0.111927178 -0.019483901 -0.006391482 0.993504823
1305031118.211201906 0.075424440 -0.106994061 0.098264683 -0.112707366 -0.017681448 -0.007901054 0.993439474
1305031118.243172884 0.073186022 -0.112946977 0.100770156 -0.110261838 -0.016687627 -0.005160167 0.993749074
1305031118.279194117 0.071926752 -0.120607206 0.104666373 -0.108294565 -0.016894531 -0.002510042 0.993972113
1305031118.311299086 0.073770785 -0.129988414 0.108270775 -0.105739677 -0.017564566 0.000031005 0.994238707
1305031118.343323946 0.074708932 -0.135987005 0.110869063 -0.101687627 -0.017948040 0.002508620 0.994651296
1305031118.379208088 0.072710301 -0.135147000 0.113187102 -0.096254805 -0.016929878 0.002180832 0.995210347
1305031118.411295891 0.073417813 -0.140041580 0.115279046 -0.093832775 -0.017093181 0.003538382 0.995434937
1305031118.445692062 0.078995974 -0.141462026 0.115101602 -0.092827284 -0.019442935 0.004083720 0.995483998
1305031118.479285002 0.081286428 -0.142322657 0.116020726 -0.092701057 -0.019998694 0.005297683 0.995479031
1305031118.511255026 0.083638077 -0.144126065 0.115187635 -0.092921552 -0.020743011 0.006546919 0.995435809
1305031118.544414043 0.085943861 -0.141745590 0.116041587 -0.092214757 -0.021382200 0.007404513 0.995482000
1305031118.579284906 0.081902724 -0.137822245 0.117594925 -0.091902378 -0.019933330 0.004677397 0.995557501
1305031118.616142035 0.079907566 -0.132765218 0.118814798 -0.091063660 -0.018853338 0.003603891 0.995660069
1305031118.645324945 0.073951017 -0.125986363 0.118545695 -0.089573416 -0.016069283 0.000169174 0.995850567
1305031118.679295063 0.068725589 -0.116350818 0.116098257 -0.088673597 -0.013901060 -0.004865979 0.995951844
1305031118.711421013 0.065555828 -0.109883776 0.111741402 -0.089894252 -0.012499790 -0.009510719 0.995827457
1305031118.746769905 0.064743387 -0.108895464 0.111657286 -0.090309450 -0.012685814 -0.009595084 0.995786728
1305031118.779277086 0.066355077 -0.102004401 0.109443372 -0.088734759 -0.014048995 -0.009717363 0.995908802
1305031118.811220884 0.071563625 -0.098848200 0.107865010 -0.093934150 -0.016503471 -0.009589492 0.995395425
1305031118.846752882 0.071082781 -0.097748194 0.107881324 -0.094770107 -0.016858250 -0.009936574 0.995306832
1305031118.879208088 0.072412592 -0.087615880 0.100804557 -0.091303836 -0.016535987 -0.009545591 0.995640021
1305031118.911176920 0.068889025 -0.074549531 0.095731215 -0.090403115 -0.014903080 -0.014670395 0.995685671
1305031118.946974039 0.064662586 -0.067870040 0.093282301 -0.089633061 -0.013278518 -0.017716723 0.995728735
1305031118.979373932 0.060749500 -0.059599500 0.092034813 -0.088086859 -0.011622368 -0.019616705 0.995851802
1305031119.011363029 0.058742476 -0.050031058 0.086039264 -0.089425206 -0.010436132 -0.024231814 0.995644032
1305031119.047172070 0.058174500 -0.045019048 0.078769045 -0.093654642 -0.010159904 -0.026642398 0.995196346
1305031119.079222918 0.056977251 -0.044454083 0.080509834 -0.095480953 -0.010407881 -0.026525486 0.995023348
1305031119.111327887 0.056989170 -0.040880950 0.078672211 -0.095723847 -0.011219522 -0.025510460 0.995017730
1305031119.147615910 0.060255506 -0.035087287 0.075862421 -0.095091213 -0.013195080 -0.023556596 0.995102325
1305031119.179225922 0.063037709 -0.033085627 0.075283611 -0.096133878 -0.015144696 -0.021172986 0.995027949
1305031119.211364031 0.068982743 -0.031437385 0.073500649 -0.095967203 -0.018676720 -0.020853575 0.994990756
1305031119.247399092 0.072464049 -0.024076662 0.068241192 -0.093940348 -0.020101548 -0.021041930 0.995152439
1305031119.279211998 0.071755395 -0.019622224 0.067067152 -0.093467600 -0.020138187 -0.020636334 0.995204704
1305031119.311212063 0.071450177 -0.015235648 0.066778428 -0.093102481 -0.020030445 -0.020159432 0.995250876
1305031119.347740889 0.073543455 -0.012646196 0.065669786 -0.093572703 -0.021211542 -0.018545870 0.995213681
1305031119.379239082 0.078803091 -0.008019710 0.062763548 -0.092600179 -0.023473375 -0.018195788 0.995260328
1305031119.411484003 0.078361682 -0.002646126 0.063405302 -0.091850314 -0.023468603 -0.019327279 0.995308596
1305031119.447705984 0.076820111 0.003038595 0.066061342 -0.091198497 -0.022577069 -0.019296553 0.995389749
1305031119.479266882 0.074228530 0.003879397 0.069351373 -0.091725202 -0.021288298 -0.020013727 0.995355588
1305031119.511240005 0.070645592 0.009721904 0.071152631 -0.090840257 -0.019806029 -0.020734875 0.995452577
1305031119.547382116 0.069251323 0.011261535 0.075489340 -0.092582228 -0.019390547 -0.019142947 0.995332148
1305031119.579559088 0.066256740 0.015949123 0.080085416 -0.093160448 -0.018293835 -0.018913193 0.995303350
1305031119.615016937 0.064868945 0.020847675 0.079334687 -0.097366945 -0.016953268 -0.020812923 0.994886469
1305031119.647902966 0.064868945 0.020847675 0.079334687 -0.097366945 -0.016953268 -0.020812923 0.994886469
1305031119.679208040 0.065237713 0.027399138 0.079286883 -0.101013916 -0.016549185 -0.021391699 0.994517324
1305031119.715231895 0.062624328 0.029372610 0.083876372 -0.106963868 -0.014942053 -0.022907142 0.993886678
1305031119.747193098 0.061250940 0.029876336 0.088126284 -0.113258787 -0.013431240 -0.020594076 0.993261261
1305031119.779169083 0.062719034 0.037386531 0.089796450 -0.113952097 -0.013979147 -0.020134147 0.993183830
1305031119.814537048 0.065485268 0.044462864 0.092363027 -0.114565317 -0.015329768 -0.018297982 0.993128879
1305031119.847429037 0.065011618 0.050378330 0.095322617 -0.115275027 -0.014945864 -0.015916272 0.993093632
1305031119.879214048 0.062899953 0.053566401 0.097931084 -0.116506662 -0.013165519 -0.014383718 0.992998477
1305031119.911401033 0.062141956 0.057050098 0.098953385 -0.116405397 -0.012512149 -0.014378736 0.993018873
1305031119.947391987 0.060910505 0.065078371 0.100368083 -0.116698044 -0.011451316 -0.014271868 0.992998866
1305031119.979537010 0.058569452 0.067736339 0.103624482 -0.119155721 -0.010706257 -0.016839978 0.992675025
1305031120.015264034 0.059919195 0.072751033 0.107472035 -0.119843925 -0.010641747 -0.018223683 0.992568428
1305031120.047290087 0.058301133 0.074783324 0.112482921 -0.124742422 -0.009161050 -0.017281816 0.991996342
1305031120.079417944 0.061033918 0.071676349 0.116212064 -0.128089438 -0.010623251 -0.017879072 0.991544543
1305031120.115231991 0.065792658 0.074507399 0.116195497 -0.127412921 -0.012756961 -0.016953218 0.991622809
1305031120.148156881 0.067773104 0.075996886 0.117128195 -0.127581581 -0.013702439 -0.016647061 0.991593696
1305031120.179245949 0.069040400 0.071535029 0.117166854 -0.129027740 -0.014350717 -0.016082560 0.991406703
1305031120.215249062 0.069359096 0.067592980 0.113068831 -0.128399992 -0.014257219 -0.015262538 0.991502511
1305031120.248003006 0.067936745 0.062737080 0.108551919 -0.127203615 -0.014177398 -0.015566893 0.991653122
1305031120.279429913 0.067079076 0.056017549 0.105272718 -0.127692890 -0.014045453 -0.016330220 0.991579838
1305031120.315196037 0.066078475 0.049222984 0.102227195 -0.128042743 -0.013478799 -0.016592000 0.991538241
1305031120.347786903 0.066885476 0.040111812 0.100036522 -0.129096846 -0.013766246 -0.016728009 0.991395314
1305031120.379436970 0.068159785 0.031167440 0.098773963 -0.130276074 -0.014686292 -0.016942584 0.991224196
1305031120.415445089 0.067854052 0.019083417 0.097862885 -0.131329133 -0.014435206 -0.015771023 0.991108248
1305031120.447417021 0.072895599 0.017092473 0.092770534 -0.124815654 -0.017035093 -0.016209286 0.991901264
1305031120.479432106 0.071628005 0.016958422 0.089167723 -0.120282234 -0.016745522 -0.014695756 0.992489701
1305031120.514818907 0.074731390 0.009105617 0.088436995 -0.118021266 -0.018094656 -0.012066338 0.992772868
1305031120.547735929 0.078031321 0.009248076 0.082729630 -0.111881528 -0.019782998 -0.010099421 0.993473280
1305031120.579550982 0.083573579 0.009355206 0.079394616 -0.106370078 -0.023176042 -0.008054520 0.994023844
1305031120.615236044 0.089560207 0.006836483 0.080231282 -0.103483156 -0.026884514 -0.004072674 0.994259459
1305031120.647353888 0.091540544 0.004438587 0.079110609 -0.099147123 -0.028652956 -0.001287342 0.994659338
1305031120.679317951 0.090761186 0.007968348 0.077990267 -0.092874755 -0.028924781 -0.000021663 0.995257573
1305031120.714521885 0.096510337 0.004098290 0.073539421 -0.092766235 -0.031303599 -0.000019246 0.995195714
1305031120.747369051 0.097363937 0.003695145 0.068963519 -0.091459709 -0.031785313 0.001272557 0.995300556
1305031120.779894114 0.101093898 -0.002669317 0.064960641 -0.092161182 -0.033560556 0.002322839 0.995175668
1305031120.814944029 0.099708309 -0.009240669 0.068664179 -0.089896538 -0.033282891 0.004031824 0.995386662
1305031120.847920895 0.100538319 -0.013029015 0.065996177 -0.089642911 -0.033704094 0.003068015 0.995398799
1305031120.883435011 0.101141959 -0.019088340 0.066163344 -0.090496930 -0.034277914 0.003114708 0.995301778
1305031120.915443897 0.102264943 -0.024067636 0.066422801 -0.088706712 -0.034489079 0.000983949 0.995460022
1305031120.947488070 0.101768342 -0.028183378 0.065266713 -0.089013905 -0.034224060 -0.000061916 0.995442231
1305031120.983366013 0.100552615 -0.031434722 0.063758270 -0.088728436 -0.033899158 -0.001241169 0.995478062
1305031121.015018940 0.100902318 -0.037972893 0.062574963 -0.089438599 -0.034145578 -0.001578646 0.995405608
1305031121.047497988 0.099386399 -0.041958748 0.058933658 -0.088957234 -0.033705972 -0.002076279 0.995462811
1305031121.083098888 0.098150479 -0.047471763 0.057884235 -0.089612103 -0.033426889 -0.002237948 0.995413133
1305031121.114696026 0.099069005 -0.057132328 0.059604348 -0.089207883 -0.034228313 -0.000439516 0.995424625
1305031121.147330999 0.102841194 -0.067037220 0.063845876 -0.088712175 -0.035874965 0.000912132 0.995410621
1305031121.183270931 0.104495386 -0.075921571 0.061018245 -0.089579525 -0.036422043 0.001279786 0.995312667
1305031121.211420059 0.111169554 -0.086002487 0.061192563 -0.090545440 -0.038703280 0.002283712 0.995137359
1305031121.247194052 0.114685797 -0.094635028 0.061451326 -0.090457236 -0.039440371 0.002484068 0.995115961
1305031121.282876015 0.116010667 -0.102640363 0.060992345 -0.091646303 -0.039890995 0.002681640 0.994988680
1305031121.313568115 0.119955484 -0.113202042 0.060081980 -0.093502648 -0.041193284 0.005024961 0.994753798
1305031121.347517014 0.117898650 -0.116519148 0.064298119 -0.089806797 -0.040822342 0.006858445 0.995098607
1305031121.383225918 0.123712034 -0.126774959 0.065127318 -0.091388967 -0.042997156 0.009384326 0.994842317
1305031121.414318085 0.128976561 -0.142727711 0.070127004 -0.092847418 -0.044651697 0.011041400 0.994617349
1305031121.447319031 0.131455871 -0.153852562 0.075168535 -0.092459155 -0.045337473 0.010955992 0.994623438
1305031121.482964039 0.134189604 -0.161002952 0.075258593 -0.093171335 -0.045923635 0.011745280 0.994521076
1305031121.514106989 0.132318823 -0.169409907 0.080458699 -0.091409477 -0.044982250 0.014023689 0.994698065
1305031121.547270060 0.132731824 -0.173261930 0.079334223 -0.091083960 -0.044920575 0.013864661 0.994732942
1305031121.583204031 0.131722109 -0.175866587 0.082038012 -0.091540484 -0.044495906 0.013410826 0.994716343
1305031121.614700079 0.129543489 -0.181539756 0.082656097 -0.091924696 -0.043639350 0.012263885 0.994733660
1305031121.647182941 0.127772139 -0.186382615 0.083642456 -0.092129411 -0.042517309 0.011396027 0.994773633
1305031121.683199883 0.118488910 -0.186639450 0.085755556 -0.091539874 -0.038776263 0.009151357 0.995004073
1305031121.714519978 0.112963801 -0.189818572 0.087438965 -0.092107721 -0.036696776 0.008317912 0.995037852
1305031121.747144938 0.113477551 -0.191833247 0.088696037 -0.092380084 -0.036819816 0.008302084 0.995008189
1305031121.782835007 0.112796159 -0.193965513 0.090775459 -0.093190822 -0.036485338 0.008136784 0.994946272
1305031121.811539888 0.113973935 -0.195330164 0.092167849 -0.093475076 -0.036483698 0.008696719 0.994914930
1305031121.847335100 0.114234959 -0.194011742 0.093161081 -0.093269145 -0.035992690 0.009159851 0.994947984
1305031121.882060051 0.115959266 -0.194128687 0.095314828 -0.093658303 -0.036196703 0.010565290 0.994890092
1305031121.914931059 0.117581953 -0.193520160 0.095209582 -0.094215727 -0.036632635 0.012464731 0.994799516
1305031121.947288036 0.119335148 -0.193330170 0.095455531 -0.094568028 -0.037660409 0.013159390 0.994718760
1305031121.982925892 0.121352756 -0.191552876 0.095421962 -0.093956973 -0.038347799 0.012707792 0.994756274
1305031122.014256001 0.118058815 -0.187011311 0.095865171 -0.093057792 -0.037350122 0.011574869 0.994892576
1305031122.047306061 0.116266170 -0.185462141 0.095926328 -0.092923581 -0.037220252 0.010011813 0.994926944
1305031122.082958937 0.115841143 -0.181109825 0.094750575 -0.091850661 -0.037433585 0.008538440 0.995032300
1305031122.114671946 0.113728274 -0.175429844 0.093109320 -0.090614420 -0.036961056 0.007076632 0.995174773
1305031122.150724888 0.110865270 -0.167582865 0.091755684 -0.089151153 -0.036338502 0.004593636 0.995344405
1305031122.183042049 0.108497891 -0.161306605 0.089705816 -0.088239462 -0.035596601 0.001206291 0.995462317
1305031122.214958906 0.101851516 -0.146910616 0.086972555 -0.085567370 -0.033291471 -0.002518807 0.995772845
1305031122.251318932 0.097379354 -0.140238652 0.084654937 -0.090639135 -0.031730782 -0.006543818 0.995356661
1305031122.283560038 0.098348537 -0.140123659 0.079244385 -0.096356601 -0.031844341 -0.009173864 0.994795046
1305031122.314289093 0.094588149 -0.121911215 0.073184566 -0.094882032 -0.030966821 -0.012353824 0.994930067
1305031122.351326942 0.094837330 -0.106906880 0.066459703 -0.099902883 -0.031719718 -0.016710441 0.994351062
1305031122.382630110 0.095876207 -0.101714715 0.061361317 -0.104908003 -0.032587576 -0.019252850 0.993761384
1305031122.414997101 0.100924234 -0.101437548 0.057640773 -0.111378105 -0.035149266 -0.020702666 0.992940505
1305031122.451256990 0.102062539 -0.092994568 0.057530391 -0.110549464 -0.037173275 -0.020802787 0.992957304
1305031122.483360052 0.102528757 -0.085041622 0.055050323 -0.111218524 -0.038937210 -0.019400599 0.992843366
1305031122.515096903 0.101821503 -0.081468779 0.055314310 -0.112530414 -0.039949737 -0.018561145 0.992671350
1305031122.551490068 0.100976752 -0.072820587 0.055561632 -0.111379126 -0.040566938 -0.019960363 0.992749011
1305031122.583208084 0.096114345 -0.067935719 0.057349074 -0.111821306 -0.039064342 -0.021423645 0.992729067
1305031122.614979982 0.091734146 -0.063929266 0.058016599 -0.112298913 -0.037453622 -0.022713846 0.992708548
1305031122.648787975 0.095118117 -0.061537408 0.055898034 -0.112494886 -0.038733041 -0.021425280 0.992665910
1305031122.683402061 0.096379629 -0.056410091 0.053543515 -0.111524015 -0.039367472 -0.021231466 0.992754663
1305031122.715208054 0.097658277 -0.051380739 0.051343540 -0.111249006 -0.039720249 -0.019693854 0.992803159
1305031122.751297951 0.100215801 -0.046026339 0.050175234 -0.110636731 -0.041411561 -0.018634314 0.992822924
1305031122.783422947 0.097626419 -0.036793149 0.053998171 -0.109717504 -0.041200034 -0.020046726 0.992906217
1305031122.812555075 0.100236037 -0.032893184 0.052008602 -0.115456435 -0.041681250 -0.021342214 0.992208141
1305031122.851418018 0.102482128 -0.030843988 0.050448364 -0.120343027 -0.041584751 -0.024603411 0.991555816
1305031122.883754015 0.101952976 -0.025885158 0.046977678 -0.124516561 -0.040245719 -0.028047626 0.991004157
1305031122.914571047 0.100399352 -0.026919310 0.046470134 -0.130859923 -0.037954367 -0.029180768 0.990244227
1305031122.951340914 0.096516420 -0.026763704 0.051828469 -0.133055620 -0.036587625 -0.027780449 0.990043330
1305031122.982815027 0.095768250 -0.024804024 0.054475447 -0.134174711 -0.036233674 -0.026207465 0.989948199
1305031123.015450001 0.096057240 -0.020757394 0.056484339 -0.135129018 -0.036525824 -0.023095315 0.989885155
1305031123.051826954 0.096768016 -0.018339296 0.057729049 -0.135614440 -0.036819549 -0.021378877 0.989846447
1305031123.082974911 0.097599931 -0.014888133 0.056893302 -0.135067125 -0.036853897 -0.021064006 0.989926750
1305031123.113873005 0.096411539 -0.008166756 0.058103468 -0.135569459 -0.036258852 -0.019107073 0.989919763
1305031123.150821924 0.099313728 -0.006051762 0.058513095 -0.139510455 -0.037040837 -0.020607285 0.989312968
1305031123.182154894 0.096576203 0.002242598 0.059051414 -0.140379509 -0.035613092 -0.020348489 0.989247815
1305031123.214704037 0.099974907 0.008753214 0.061372649 -0.143614665 -0.036489250 -0.023073123 0.988691556
1305031123.250617981 0.096371976 0.010754337 0.066906155 -0.149768814 -0.034483198 -0.023923578 0.987829881
1305031123.282346964 0.091888836 0.014533666 0.074287358 -0.156644918 -0.031351332 -0.023416111 0.986879501
1305031123.311326981 0.088011073 0.014794756 0.079578413 -0.164406363 -0.028098878 -0.021942722 0.985748202
1305031123.350481033 0.086287339 0.015985780 0.086309631 -0.169881235 -0.026665639 -0.021974313 0.984858589
1305031123.382255077 0.087889541 0.019829177 0.090118789 -0.173991768 -0.026403700 -0.022379478 0.984138643
1305031123.411362886 0.086187507 0.028377709 0.092618308 -0.174322216 -0.024504058 -0.021801592 0.984142269
1305031123.451255083 0.086388754 0.032362279 0.095763215 -0.175687238 -0.024344274 -0.022340372 0.983891385
1305031123.483593941 0.089418751 0.039936889 0.098015730 -0.176512299 -0.024606281 -0.020528667 0.983776658
1305031123.511359930 0.093197333 0.047542857 0.100316490 -0.176869098 -0.025582742 -0.020042808 0.983697683
1305031123.551512957 0.093614880 0.053631822 0.102072203 -0.176952331 -0.025065104 -0.018210719 0.983731662
1305031123.579582930 0.096626622 0.057638452 0.105293364 -0.177908774 -0.026307696 -0.017259006 0.983543847
1305031123.611335039 0.095633024 0.064545568 0.106652036 -0.177231420 -0.025142703 -0.015894278 0.983719594
1305031123.652410984 0.098315761 0.073153407 0.108494595 -0.177019939 -0.025940664 -0.016088253 0.983733801
1305031123.683753014 0.099539636 0.081303730 0.111775603 -0.177126625 -0.026009640 -0.016888859 0.983699356
1305031123.711323023 0.099918006 0.092496012 0.113831290 -0.175541914 -0.025408008 -0.016792953 0.984000745
1305031123.751723051 0.101028555 0.098917452 0.116320842 -0.175521082 -0.025562835 -0.016679289 0.984002384
1305031123.783858061 0.103532273 0.101125523 0.117938733 -0.175813142 -0.026290602 -0.016372818 0.983936214
1305031123.811608076 0.106024384 0.101529031 0.119122578 -0.176199585 -0.027075684 -0.015944504 0.983852828
1305031123.851444006 0.108081353 0.101574514 0.120219792 -0.176612398 -0.027642603 -0.015297090 0.983773321
1305031123.883785963 0.110531954 0.099318177 0.120302082 -0.177151483 -0.028725514 -0.015249941 0.983646093
1305031123.911242962 0.110951050 0.094863233 0.117759868 -0.177673661 -0.029133028 -0.015518864 0.983535715
1305031123.951442003 0.111077040 0.094741475 0.115855267 -0.177071542 -0.029419213 -0.015187001 0.983640958
1305031123.983414888 0.114809904 0.091187729 0.117232294 -0.178181027 -0.031003680 -0.014496691 0.983402328
1305031124.011301994 0.115450389 0.084114834 0.114135451 -0.178452001 -0.031437920 -0.013594608 0.983352291
1305031124.051505089 0.117560839 0.077936449 0.109613604 -0.178105716 -0.032703941 -0.013405581 0.983376376
1305031124.083837032 0.120811058 0.072020124 0.108459158 -0.178880025 -0.034372639 -0.013533602 0.983177146
1305031124.111330986 0.122187131 0.060646280 0.107176701 -0.179887192 -0.036064988 -0.014912044 0.982912786
1305031124.147445917 0.121585300 0.053866978 0.101465132 -0.178911482 -0.035962429 -0.014538318 0.983100210
1305031124.182693958 0.121585300 0.053866978 0.101465132 -0.178911482 -0.035962429 -0.014538318 0.983100210
1305031124.211395979 0.120477459 0.048081022 0.098166420 -0.176497267 -0.035751198 -0.014299321 0.983547709
1305031124.249326944 0.121379243 0.041258352 0.093246010 -0.174708955 -0.036294714 -0.014238568 0.983847924
1305031124.282545090 0.124578502 0.035386516 0.090736794 -0.174501677 -0.038116488 -0.012955830 0.983833545
1305031124.311361074 0.127737115 0.026775679 0.089474720 -0.174912397 -0.040063652 -0.011707104 0.983698887
1305031124.350353956 0.128748250 0.022929406 0.083110652 -0.171237287 -0.041533699 -0.010869117 0.984293963
1305031124.382420063 0.128279977 0.022268011 0.078074387 -0.166256810 -0.041787795 -0.009615091 0.985149737
1305031124.411438942 0.129864092 0.015720406 0.073478606 -0.163796714 -0.042813607 -0.009071700 0.985522874
1305031124.450244904 0.130597362 0.015016839 0.065784058 -0.157235099 -0.043516506 -0.009167935 0.986559368
1305031124.480098963 0.127596168 0.014400433 0.059995747 -0.149596183 -0.043083098 -0.010460407 0.987752706
1305031124.511323929 0.127263810 0.013453574 0.052508138 -0.142848300 -0.043665427 -0.010947876 0.988720303
1305031124.550436974 0.126928035 0.014529455 0.047482711 -0.136463645 -0.044214926 -0.011067704 0.989595988
1305031124.579404116 0.131128625 0.007554871 0.044751747 -0.134186443 -0.046706706 -0.012505188 0.989775784
1305031124.611357927 0.132094698 0.002550568 0.041255332 -0.130627364 -0.047740476 -0.011889384 0.990210069
1305031124.651271105 0.131335899 0.003416783 0.037244613 -0.124584361 -0.048335499 -0.011686123 0.990962084
1305031124.679362059 0.130301502 -0.005330059 0.036490128 -0.122545277 -0.048525990 -0.011283706 0.991211663
1305031124.711251020 0.127078420 -0.005464851 0.033819529 -0.117254755 -0.047488869 -0.009826752 0.991917116
1305031124.749890089 0.130372028 -0.015245564 0.034024520 -0.116183738 -0.048674199 -0.012199625 0.991959339
1305031124.779365063 0.129871238 -0.025511265 0.037064592 -0.115325115 -0.049050654 -0.010763628 0.992057607
1305031124.811359882 0.132198452 -0.032767183 0.039428752 -0.113260190 -0.049970909 -0.009579127 0.992261698
1305031124.850534916 0.133727137 -0.038995135 0.038446753 -0.113493490 -0.050473928 -0.009753315 0.992207883
1305031124.879354954 0.140269167 -0.046796388 0.036706268 -0.114179308 -0.052755176 -0.009460757 0.992013342
1305031124.911448002 0.141793503 -0.052335849 0.037853606 -0.112683150 -0.052956216 -0.011074754 0.992156992
1305031124.950730085 0.137743898 -0.053879095 0.039877258 -0.112514383 -0.051455964 -0.012144317 0.992242568
1305031124.979438066 0.135418552 -0.064719354 0.043598738 -0.115319928 -0.050513182 -0.010720615 0.991985283
1305031125.011454105 0.136684959 -0.074336791 0.049987322 -0.112718945 -0.051309851 -0.006305081 0.992281202
1305031125.050762892 0.137326871 -0.076578208 0.054578447 -0.108503090 -0.052635042 -0.003446141 0.992695702
1305031125.079364061 0.140605588 -0.081122801 0.055898303 -0.109059174 -0.053889551 -0.002875201 0.992569265
1305031125.111363888 0.142164489 -0.086820657 0.055433024 -0.109636419 -0.054258132 -0.000622471 0.992489558
1305031125.151012897 0.149169770 -0.101752835 0.060551428 -0.110963247 -0.056767570 0.000177546 0.992201879
1305031125.179352999 0.147886390 -0.104565103 0.061093733 -0.109818367 -0.056119858 -0.000664997 0.992365883
1305031125.211319923 0.143308347 -0.106644273 0.065071331 -0.110732883 -0.054055931 -0.000097020 0.992379048
1305031125.250632048 0.142292659 -0.114333053 0.066123238 -0.112031527 -0.053852800 -0.000709751 0.992244077
1305031125.279467106 0.143394992 -0.126968807 0.068960314 -0.112873317 -0.054195277 -0.000797218 0.992129957
1305031125.311492920 0.143108710 -0.131663056 0.068819365 -0.113049175 -0.053862956 -0.000940609 0.992127906
1305031125.348880053 0.145319100 -0.139961631 0.069319211 -0.113469122 -0.054058934 -0.001177955 0.992069051
1305031125.379400969 0.143245220 -0.142568300 0.070065023 -0.112727822 -0.053275835 -0.003747423 0.992189539
1305031125.411334991 0.135083572 -0.143529238 0.073158108 -0.112392453 -0.049458314 -0.006344718 0.992411989
1305031125.451195002 0.117375730 -0.143319139 0.073538659 -0.112644496 -0.040114422 -0.006786439 0.992802093
1305031125.479424000 0.106601244 -0.145526783 0.075254927 -0.112730657 -0.035204080 -0.009568025 0.992955651
1305031125.511316061 0.106107549 -0.146711280 0.075999873 -0.112263366 -0.034221752 -0.009859898 0.993040075
1305031125.551019907 0.101705299 -0.145612083 0.077380072 -0.111854701 -0.031984810 -0.010854469 0.993150381
1305031125.579308033 0.098116959 -0.144504383 0.079667613 -0.111537929 -0.029873266 -0.012829633 0.993228211
1305031125.611532927 0.092292091 -0.145442309 0.080962765 -0.111330719 -0.027231716 -0.014806228 0.993299894
1305031125.650574923 0.090720743 -0.150783294 0.077930674 -0.111473065 -0.026211756 -0.013257601 0.993333245
1305031125.679327965 0.093996587 -0.149516003 0.076403975 -0.107475889 -0.027853314 -0.009061069 0.993776143
1305031125.711442947 0.099575261 -0.150508306 0.073053924 -0.107426350 -0.031367150 -0.006744444 0.993695222
1305031125.751260042 0.103415679 -0.151298573 0.071702386 -0.105980790 -0.033418440 -0.002522934 0.993803258
1305031125.779347897 0.103946923 -0.147592851 0.068922371 -0.105231580 -0.033974281 -0.002768680 0.993863369
1305031125.811573029 0.103221595 -0.142659058 0.067923756 -0.104531017 -0.033962406 -0.003494189 0.993935416
1305031125.847412109 0.101269013 -0.133832458 0.065564456 -0.103715890 -0.032837842 -0.005038766 0.994051961
1305031125.879317999 0.097353070 -0.128564768 0.064766692 -0.102963646 -0.031764237 -0.007320839 0.994150857
1305031125.911304951 0.097161635 -0.120744133 0.063683963 -0.103338145 -0.032364836 -0.005627476 0.994103655
1305031125.947343111 0.102674401 -0.123658008 0.061163136 -0.110066879 -0.035946987 -0.003132288 0.993268989
1305031125.979324102 0.116326542 -0.117443702 0.059989111 -0.109422955 -0.043435059 -0.002072333 0.993043664
1305031126.011332989 0.122556675 -0.106132779 0.059882796 -0.107481049 -0.048397396 -0.003799253 0.993021189
1305031126.047323942 0.122832467 -0.090698183 0.054400169 -0.106353331 -0.049592548 -0.006096172 0.993072195
1305031126.079355955 0.125670197 -0.084688246 0.051017971 -0.111313607 -0.049761667 -0.007045712 0.992513685
1305031126.111370087 0.126611015 -0.078706489 0.049072928 -0.116037118 -0.049653001 -0.008825201 0.991963751
1305031126.147432089 0.124119024 -0.062558836 0.043674138 -0.114856913 -0.048473256 -0.011267023 0.992134712
1305031126.179383993 0.126158073 -0.049657285 0.041590360 -0.118981753 -0.048877199 -0.011431017 0.991626792
1305031126.211318970 0.129348486 -0.050114995 0.044236399 -0.126808825 -0.050150401 -0.011246882 0.990594754
1305031126.247298002 0.133814187 -0.041692466 0.038880102 -0.130521287 -0.051136226 -0.013173985 0.990038245
1305031126.279362917 0.134551874 -0.037181783 0.038520861 -0.136013055 -0.050957917 -0.014992173 0.989282050
1305031126.311331987 0.131550860 -0.031115820 0.039433074 -0.140359186 -0.048999712 -0.017625928 0.988730324
1305031126.347362995 0.124001444 -0.028117381 0.042654838 -0.145615550 -0.045137473 -0.020062831 0.988107384
1305031126.379422903 0.119522903 -0.025302994 0.042128962 -0.150805582 -0.042006897 -0.021964473 0.987426280
1305031126.411464930 0.116393765 -0.022594049 0.043908027 -0.155754621 -0.040578442 -0.024596167 0.986655419
1305031126.447360992 0.118081144 -0.023905678 0.046322775 -0.162365053 -0.040785271 -0.027033137 0.985516799
1305031126.479532957 0.116063206 -0.019727392 0.048083781 -0.164967345 -0.039925987 -0.023925822 0.985200104
1305031126.511409998 0.115563920 -0.013843915 0.050137078 -0.165961399 -0.040227337 -0.023157227 0.985039247
1305031126.547374010 0.115563920 -0.013843915 0.050137078 -0.165961399 -0.040227337 -0.023157227 0.985039247
1305031126.579453945 0.116720305 -0.013438322 0.053341688 -0.171873631 -0.040253165 -0.023932935 0.984005260
1305031126.611527920 0.117249059 -0.014857592 0.058008877 -0.178235040 -0.039707758 -0.023588062 0.982903438
1305031126.647376060 0.119400323 -0.015845973 0.061254771 -0.184036386 -0.040365557 -0.024435475 0.981786198
1305031126.679478884 0.120391745 -0.013302181 0.063038397 -0.185578660 -0.039830221 -0.022097036 0.981573143
1305031126.711582899 0.121489257 -0.009310317 0.063991608 -0.186480943 -0.039618600 -0.020398075 0.981447473
1305031126.747315884 0.120995114 -0.008005640 0.065391893 -0.187532856 -0.038686810 -0.019221957 0.981307941
1305031126.779378891 0.125129443 -0.006704885 0.064125696 -0.187494799 -0.039757439 -0.018126512 0.981293267
1305031126.811602116 0.126384291 -0.005228082 0.063894234 -0.187542378 -0.039436944 -0.017628341 0.981306183
1305031126.847342968 0.124265408 -0.004473920 0.064056752 -0.188263182 -0.037358058 -0.017424613 0.981253144
1305031126.879357100 0.123510200 -0.003238123 0.064126344 -0.188343534 -0.036169346 -0.016818437 0.981292837
1305031126.911364079 0.122096459 -0.003036871 0.064037519 -0.188567108 -0.034898784 -0.016586315 0.981299860
1305031126.947437048 0.122068684 -0.001601373 0.063324533 -0.188234122 -0.034190008 -0.015749335 0.981402526
1305031126.979336977 0.122663031 -0.001607817 0.062868874 -0.188543361 -0.034539172 -0.015397344 0.981336522
1305031127.011370897 0.123752721 -0.003413833 0.062338668 -0.188661627 -0.035385558 -0.015706587 0.981278735
1305031127.047297001 0.125169303 -0.003416824 0.060696016 -0.188038711 -0.036082604 -0.014993283 0.981384069
1305031127.079298973 0.125385628 -0.003286585 0.060516360 -0.187888965 -0.036365185 -0.015328829 0.981397135
1305031127.111434937 0.125731327 -0.004941062 0.060200324 -0.188463455 -0.037152755 -0.014513897 0.981269864
1305031127.147306919 0.129130158 -0.006797003 0.059173414 -0.188365286 -0.039500083 -0.014186613 0.981201815
1305031127.179348946 0.131745113 -0.008602516 0.057184847 -0.187779595 -0.041515222 -0.013906284 0.981234898
1305031127.211699963 0.131859182 -0.009250083 0.056233870 -0.187213023 -0.042128061 -0.013659098 0.981320508
1305031127.247374058 0.131526975 -0.012256283 0.054895448 -0.187838314 -0.042003578 -0.013403028 0.981209879
1305031127.279464960 0.132891488 -0.015344494 0.054241706 -0.187898773 -0.043084267 -0.013785355 0.981146147
1305031127.311362028 0.133000596 -0.016879818 0.054585991 -0.188020921 -0.043532065 -0.014135575 0.981097996
1305031127.347356081 0.132550563 -0.018109424 0.053531033 -0.187538634 -0.043677289 -0.013891127 0.981187338
1305031127.379261971 0.134492355 -0.019564027 0.051995882 -0.186236734 -0.045293152 -0.014285979 0.981356367
1305031127.411370993 0.136985777 -0.020569424 0.052386341 -0.186154130 -0.046647784 -0.014338040 0.981307824
1305031127.447333097 0.135065845 -0.021943107 0.051644160 -0.186183890 -0.046463857 -0.014867799 0.981303020
1305031127.479362011 0.137383106 -0.019463107 0.049129468 -0.183727615 -0.047754670 -0.014334614 0.981711859
1305031127.511356115 0.136481337 -0.019203018 0.049535229 -0.183569739 -0.047780444 -0.015183330 0.981727379
1305031127.547348022 0.136228825 -0.021059456 0.051104136 -0.184559023 -0.048140271 -0.015161778 0.981524631
1305031127.579344988 0.137885558 -0.020900887 0.049441944 -0.183833842 -0.049259480 -0.015225190 0.981604205
1305031127.611270905 0.139743679 -0.020623224 0.050013521 -0.183590447 -0.050328229 -0.015333580 0.981593856
1305031127.647357941 0.140131720 -0.022533103 0.052063668 -0.184778288 -0.050693030 -0.014939722 0.981358245
1305031127.679297924 0.141015915 -0.022317337 0.050542920 -0.184021477 -0.051141804 -0.014913813 0.981477555
1305031127.711374998 0.142079224 -0.021296193 0.048862117 -0.182915888 -0.052005562 -0.015730679 0.981626072
1305031127.747303963 0.140772449 -0.021776194 0.049489996 -0.183447623 -0.051532892 -0.015728585 0.981551803
1305031127.779345989 0.140026004 -0.022453802 0.048871410 -0.183346905 -0.051425072 -0.015337251 0.981582469
1305031127.811829090 0.140243678 -0.020778017 0.045858391 -0.181537487 -0.051646457 -0.015612079 0.981902769
1305031127.847366095 0.137308952 -0.019144738 0.045019703 -0.180662243 -0.050503021 -0.015655833 0.982122952
1305031127.879379988 0.135092637 -0.019325778 0.044990184 -0.180909619 -0.049608465 -0.015516978 0.982125213
1305031127.911475897 0.134793574 -0.019316860 0.044476395 -0.180646144 -0.049839026 -0.015684165 0.982159381
1305031127.947365999 0.139933643 -0.019286296 0.045285330 -0.180946033 -0.052327895 -0.015728486 0.981974001
1305031127.979371071 0.140960644 -0.019842434 0.047264820 -0.181954888 -0.052966594 -0.015957390 0.981749622
1305031128.011426926 0.139955259 -0.019525913 0.049239226 -0.182921461 -0.052504213 -0.015047356 0.981609201
1305031128.047369003 0.138443786 -0.019133847 0.051937626 -0.183938687 -0.051627207 -0.014877838 0.981468207
1305031128.079334021 0.140261690 -0.021215365 0.053917714 -0.185342100 -0.052316497 -0.014802687 0.981168778
1305031128.111391068 0.140019264 -0.020479009 0.053599115 -0.184627117 -0.052627247 -0.014789705 0.981287147
1305031128.147418022 0.143301430 -0.022403959 0.055268010 -0.185860021 -0.054204950 -0.014262214 0.980976282
1305031128.179349899 0.145367266 -0.023591671 0.056042983 -0.186475474 -0.054854199 -0.013045995 0.980840311
1305031128.211447001 0.146334400 -0.024314549 0.054567722 -0.185764962 -0.055249014 -0.012648518 0.980958175
1305031128.247479916 0.148022366 -0.024613148 0.054350311 -0.185845573 -0.056041021 -0.012852668 0.980895324
1305031128.279335976 0.148662414 -0.025872676 0.055619056 -0.186766209 -0.056431058 -0.012304636 0.980705111
1305031128.311482906 0.152694824 -0.026265034 0.054831117 -0.186442942 -0.058673561 -0.013166273 0.980623828
1305031128.347423077 0.150624782 -0.026017751 0.054075178 -0.186138537 -0.057673372 -0.013593215 0.980735159
1305031128.379404068 0.150353026 -0.027979535 0.055731946 -0.187230627 -0.058045755 -0.014153822 0.980497349
1305031128.411336899 0.148105442 -0.028646097 0.054299736 -0.187340055 -0.057031962 -0.014225198 0.980534907
1305031128.447295904 0.148760653 -0.029573985 0.053768954 -0.187628927 -0.057291231 -0.014683037 0.980457806
1305031128.479295969 0.147500568 -0.031194586 0.054604550 -0.188370987 -0.057087763 -0.014869081 0.980324573
1305031128.511432886 0.147184521 -0.031739828 0.054252217 -0.188586738 -0.057133953 -0.014884156 0.980280172
1305031128.547399044 0.147386108 -0.031840429 0.054177843 -0.188659235 -0.057087808 -0.014896562 0.980268722
1305031128.579454899 0.146639348 -0.033362431 0.053994753 -0.189289761 -0.056667488 -0.015229225 0.980166441
1305031128.611394882 0.149990017 -0.035360808 0.053443635 -0.189588392 -0.058497965 -0.015354426 0.979999220
1305031128.647351980 0.150921704 -0.034009199 0.051302505 -0.188403805 -0.058856394 -0.015293851 0.980207136
1305031128.679281950 0.153452593 -0.032881037 0.049873041 -0.187375494 -0.060417285 -0.015937636 0.980299020
1305031128.711457014 0.154300085 -0.033421853 0.048308465 -0.187276289 -0.060985089 -0.016243954 0.980277789
1305031128.747363091 0.155698455 -0.034554949 0.047792748 -0.187402837 -0.061867713 -0.017074862 0.980184172
