1305031102.175303936 0.000000000 0.000000000 0.000000000 -0.000000000 -0.000000000 -0.000000000 1.000000000
1305031102.311266899 -0.015176064 0.009197514 0.050921378 -0.014052854 -0.009112655 -0.002994812 0.999855243
1305031102.475317955 -0.011463322 0.017608858 0.111817886 -0.028449305 -0.020844026 -0.001279004 0.999377070
1305031102.611232996 -0.020836552 0.020553965 0.170861281 -0.045514574 -0.015368368 -0.003739002 0.998838454
1305031102.775471926 -0.026681886 0.038614237 0.219904839 -0.043231093 -0.016251329 0.000703826 0.998932666
1305031102.911185026 -0.033989948 0.047921164 0.278949693 -0.049041875 -0.004685962 -0.004806892 0.998774164
1305031103.111239910 -0.048870081 0.061293959 0.333273241 -0.052749811 -0.021608684 0.001988496 0.998371959
1305031103.311209917 -0.054550323 0.081013965 0.385463899 -0.074150568 -0.022962395 0.014528361 0.996876797
1305031103.675523043 -0.061664791 0.032366943 0.342590516 -0.080325323 -0.045420486 0.017781792 0.995574522
1305031103.843250990 -0.055180631 0.011315416 0.281712862 -0.068702224 -0.048521526 0.009237046 0.996413741
1305031103.975373030 -0.063150763 -0.013446516 0.228662166 -0.077796225 -0.057691939 0.002415139 0.995295712
1305031104.111234903 -0.057071718 -0.029679770 0.170118874 -0.060003187 -0.052857977 -0.006094135 0.996779069
1305031104.243196011 -0.048061515 -0.048874285 0.115299193 -0.044945974 -0.038654004 -0.010055029 0.998190675
1305031104.375837088 -0.033948900 -0.057427534 0.066712617 -0.027842250 -0.029751601 -0.013979945 0.999071675
1305031104.575342894 -0.029463103 -0.069857872 0.007264918 -0.021097838 -0.026740497 -0.009557152 0.999374048
1305031104.711277008 -0.003499539 -0.076459887 -0.044870470 0.017531655 -0.010723358 -0.011763684 0.999719594
1305031104.843257904 0.011008566 -0.062864929 -0.094970958 0.070297863 0.015211650 -0.006016662 0.997391907
1305031105.175158978 0.004918686 -0.017301696 -0.044299568 0.063601271 0.021544744 -0.002209312 0.997740358
1305031105.311290026 -0.013059182 -0.013409969 0.020522408 0.020076921 0.005913471 -0.008096360 0.999748167
1305031105.443315983 -0.035725787 -0.011225197 0.080888993 -0.007689671 -0.013843752 -0.007375995 0.999847395
1305031105.575448990 -0.035804337 -0.007887644 0.133533232 -0.027825366 -0.023612488 -0.008640138 0.999296526
1305031105.711308956 -0.033345830 -0.000041537 0.189843421 -0.035181072 -0.028132707 -0.004977133 0.998972508
1305031105.843271017 -0.028918384 0.006774346 0.244419342 -0.033298103 -0.014378399 -0.003297235 0.999336593
1305031105.975328922 -0.015495399 0.027745825 0.299460439 -0.033844790 -0.002084899 0.006045783 0.999406640
1305031106.143354893 -0.016766258 0.048888605 0.357568720 -0.056498727 0.001779044 0.010933429 0.998341219
1305031106.375387907 -0.034855081 0.070682273 0.412462929 -0.080787889 -0.004739655 0.024475101 0.996419501
1305031106.675278902 -0.045490619 0.032324283 0.364692710 -0.096567777 -0.008984034 0.002066261 0.995283719
1305031106.811289072 -0.058363909 0.015600673 0.311075470 -0.093616254 -0.026057602 0.002957688 0.995262905
1305031106.943439007 -0.065582896 -0.001211419 0.246484807 -0.084470087 -0.033099969 -0.008790362 0.995837299
1305031107.075432062 -0.074911383 -0.021277845 0.179382005 -0.069985338 -0.022878094 -0.021116390 0.997062056
1305031107.243377924 -0.072805283 -0.041678972 0.104430405 -0.050609562 -0.019789484 -0.025230156 0.998203630
1305031107.411271095 -0.051644567 -0.048863147 0.038784413 -0.009000666 -0.005205815 -0.028326606 0.999544642
1305031108.075351954 -0.005633062 -0.019706010 0.039062258 0.002904843 0.027260149 -0.026956840 0.999260614
1305031108.275357962 0.051464363 -0.018668463 0.053467863 0.000920038 0.053318302 -0.019236813 0.998391836
1305031108.443609953 0.105390318 -0.003460117 0.068675433 -0.016352774 0.048147473 -0.004874419 0.998694472
1305031108.575413942 0.148621051 -0.006513511 0.073569399 -0.018977405 0.055790987 0.013584483 0.998169668
1305031108.711410999 0.194680240 0.012201810 0.078131469 -0.013208663 0.074420371 0.018407099 0.996969567
1305031108.943243027 0.243800661 0.005507354 0.071594623 -0.015960781 0.084413307 0.051300036 0.994981383
1305031109.211379051 0.189197854 0.010037320 0.062996490 -0.013104124 0.060042772 0.030476544 0.997644389
1305031109.375396967 0.134181622 0.014377315 0.064406900 -0.028582120 0.036035486 0.041001269 0.998099896
1305031109.543293953 0.058370111 0.009931087 0.061631980 -0.038310814 0.017348156 0.023740892 0.998833166
1305031109.711312056 -0.007710799 0.019643778 0.058065266 -0.036262765 0.014146079 0.020634092 0.999029096
1305031109.911264896 -0.073169392 0.030144736 0.069806963 -0.052335220 0.002981867 0.015842097 0.998499455
1305031110.075319052 -0.132478722 0.036512830 0.086733463 -0.063254295 -0.005714612 -0.013963688 0.997883386
1305031110.243323088 -0.204886478 0.037232588 0.103140450 -0.077964855 -0.014845422 -0.024021141 0.996556110
1305031110.443259954 -0.274819642 0.048350807 0.105534274 -0.070049177 -0.040678026 -0.033392460 0.996154283
1305031110.579426050 -0.325690150 0.055885219 0.110402424 -0.078386922 -0.065103532 -0.049913579 0.993541975
1305031110.743248940 -0.368303144 0.055893846 0.113537972 -0.090044901 -0.077062066 -0.062560103 0.990979105
1305031111.279308081 -0.301996104 0.050869161 0.114657538 -0.090232924 -0.057540901 -0.056876830 0.992628878
1305031111.479259014 -0.219746798 0.051188106 0.110661480 -0.079872473 -0.064760557 -0.052735309 0.993300280
1305031111.611270905 -0.150874019 0.043480140 0.106771709 -0.066195127 -0.037843441 -0.049991282 0.995834801
1305031111.711760044 -0.108464043 0.039294952 0.104066322 -0.057935256 -0.026815505 -0.027355764 0.997585133
1305031111.779422998 -0.068832019 0.034660794 0.102197281 -0.053086273 -0.008064452 -0.023930888 0.998270567
1305031111.979449034 -0.012191100 0.031246000 0.099073278 -0.046353368 0.019399668 0.000837470 0.998736360
1305031112.079339027 0.021710968 0.030395678 0.095262916 -0.039071438 0.036316174 0.004833498 0.998564568
1305031112.211253881 0.065395147 0.024395332 0.094228811 -0.039036592 0.067274308 -0.009462526 0.996925661
1305031112.343322992 0.120525282 0.008203284 0.089203520 -0.023545624 0.087037324 -0.023269781 0.995654872
1305031112.543211937 0.196608435 0.006867381 0.084323053 -0.003188333 0.073940541 0.009730535 0.997210082
1305031113.243227005 0.309309824 0.065143198 0.069919238 -0.021987059 0.009969904 0.007522602 0.999680239
1305031113.379312038 0.407417221 0.091223649 0.067746825 -0.013440845 -0.063524839 0.012790968 0.997807762
1305031113.511523008 0.458524965 0.089853842 0.079449112 -0.023905073 -0.123351328 0.009221613 0.992032237
1305031113.611268044 0.549368643 0.071042071 0.119461935 -0.045594803 -0.179407729 0.020358500 0.982506749
1305031113.779320002 0.614373029 0.060337011 0.157734002 -0.061237066 -0.218137710 0.015156684 0.973876910
1305031113.943290949 0.656487335 0.049482119 0.186673859 -0.065016303 -0.245949789 0.015447130 0.966976198
1305031114.111263037 0.663722729 0.051894868 0.192675067 -0.051494875 -0.271129805 0.010549033 0.961106458
1305031114.243336916 0.666426644 0.067040512 0.203016148 -0.039431200 -0.296153202 0.003169544 0.954320918
1305031114.379319906 0.672684758 0.074051038 0.217504057 -0.039565847 -0.332191380 -0.001910700 0.942379849
1305031114.511265993 0.677486268 0.077166416 0.231726862 -0.035698372 -0.357555470 -0.008353679 0.933171971
1305031115.279966116 0.702400201 0.085772217 0.277338572 -0.068369801 -0.356671845 -0.008607846 0.931684856
1305031115.379165888 0.742496032 0.099666009 0.315419285 -0.066371458 -0.342302366 0.003196458 0.937237271
1305031115.543603897 0.790962935 0.106121502 0.364682418 -0.096655645 -0.340337665 0.027838492 0.934908005
1305031115.611423969 0.826659331 0.107716181 0.385997493 -0.102053488 -0.319810171 0.038596875 0.941178422
1305031115.679240942 0.872433068 0.109491898 0.414228158 -0.104971109 -0.311020069 0.050006815 0.943263962
1305031115.779424906 0.923326787 0.115909151 0.442863328 -0.110083746 -0.303560288 0.072502459 0.943650419
1305031115.879198074 0.970488612 0.124726944 0.470411666 -0.116631831 -0.279851306 0.088883697 0.948778136
1305031116.043164015 1.037008660 0.146977697 0.516622041 -0.123367019 -0.253841160 0.109921477 0.953028076
1305031116.179572105 1.066915792 0.174631258 0.546085986 -0.134272838 -0.225449820 0.110982432 0.958554163
1305031116.343291998 1.111960714 0.188320229 0.576205626 -0.146359830 -0.207694413 0.114409109 0.960391788
1305031116.743290901 1.082558313 0.159060709 0.534809338 -0.137561845 -0.218295138 0.092800219 0.961671509
1305031116.846088886 1.043570052 0.147517855 0.504408754 -0.133721751 -0.228391274 0.068718295 0.961890698
1305031116.943295956 0.999415188 0.141188504 0.470417975 -0.128692083 -0.256473265 0.056599514 0.956272088
1305031117.043261051 0.945801316 0.141156644 0.436435954 -0.116986183 -0.279380640 0.041182920 0.952136890
1305031117.179264069 0.884377276 0.143051791 0.397237127 -0.118572810 -0.311966681 0.035707277 0.941988465
1305031117.611159086 0.852717758 0.103652994 0.382948082 -0.114316311 -0.327344312 0.026298976 0.937595780
1305031117.811320066 0.842546322 0.058515819 0.400741919 -0.116199097 -0.339011922 0.038198511 0.932796634
1305031117.979228020 0.830876520 0.016972603 0.419392168 -0.113184690 -0.331913378 0.040021981 0.935639341
1305031118.143255949 0.816589883 -0.035238791 0.443040404 -0.117869320 -0.323391171 0.037051260 0.938164260
1305031118.311299086 0.816264088 -0.083632122 0.468204689 -0.107531535 -0.320225746 0.038488549 0.940431323
1305031118.879208088 0.823643273 -0.033594781 0.467062873 -0.091097760 -0.324070326 0.034581842 0.941001444
1305031119.011363029 0.823895000 0.012921576 0.433839350 -0.089272461 -0.316371758 0.023557335 0.944131553
1305031119.179225922 0.827491188 0.053247571 0.397625779 -0.096363014 -0.325926224 0.025901063 0.940114568
1305031119.347740889 0.840070175 0.104427317 0.370820542 -0.090947384 -0.332123458 0.031947117 0.938297375
1305031119.511240005 0.841261662 0.163604724 0.343971834 -0.085705592 -0.328754463 0.033587246 0.939918588
1305031119.715231895 0.843055311 0.216404808 0.327030283 -0.100042478 -0.322316315 0.029188181 0.940878178
1305031119.911401033 0.855630822 0.270922584 0.317727000 -0.117938045 -0.323696238 0.036469491 0.938073206
1305031120.479432106 0.844312592 0.230347270 0.322364570 -0.113069438 -0.315753216 0.043712809 0.941065566
1305031120.647353888 0.839775088 0.186067826 0.351239662 -0.094438503 -0.327502113 0.063736310 0.937955979
1305031120.847920895 0.837445466 0.141970050 0.379219156 -0.080828710 -0.333608186 0.068571966 0.936733785
1305031121.047497988 0.832578387 0.088946530 0.399419013 -0.073708189 -0.333507767 0.059666396 0.937965667
1305031121.247194052 0.826738934 0.033892353 0.414460563 -0.064021340 -0.335749042 0.060554013 0.937820377
1305031121.414318085 0.823157887 -0.013012144 0.431809053 -0.058830299 -0.338318288 0.066985928 0.936799134
1305031121.683199883 0.815981478 -0.076772228 0.455118897 -0.052524706 -0.324282045 0.062442650 0.942434733
1305031122.314289093 0.816923446 -0.021896776 0.441526539 -0.062560806 -0.322830500 0.036759814 0.943671198
1305031122.483360052 0.814153328 0.027010597 0.407153357 -0.082356603 -0.339124859 0.029716535 0.936658234
1305031122.683402061 0.813690237 0.086735776 0.366513936 -0.084135914 -0.345209101 0.028309363 0.934318150
1305031122.851418018 0.817211438 0.141838757 0.346075967 -0.090083548 -0.347137773 0.026883623 0.933090345
1305031123.051826954 0.828112198 0.192265920 0.330887328 -0.103957511 -0.340208400 0.030368022 0.934092535
1305031123.214704037 0.824725077 0.245197006 0.313661120 -0.110689268 -0.331997297 0.033909985 0.936149451
1305031123.411362886 0.823150749 0.297542964 0.306004341 -0.145191775 -0.315612587 0.028669704 0.937275889
1305031123.611335039 0.843237115 0.352058402 0.308262100 -0.155733256 -0.318120217 0.032464443 0.934608335
1305031124.311361074 0.832512348 0.288062157 0.325901600 -0.148906447 -0.326154567 0.053358874 0.931988680
1305031124.480098963 0.837373881 0.235889396 0.341740867 -0.123266954 -0.334369454 0.055338024 0.932705757
1305031124.651271105 0.837453010 0.186282856 0.357559874 -0.096131074 -0.342365336 0.054467902 0.933047717
1305031124.779365063 0.833029772 0.138319266 0.373564748 -0.082350290 -0.344110729 0.052538112 0.933834023
1305031124.911448002 0.825489189 0.097977377 0.395296356 -0.073412068 -0.344914604 0.051933543 0.934316591
1305031125.050762892 0.819656582 0.052600710 0.420839687 -0.070745554 -0.345873733 0.055498363 0.933962718
1305031125.250632048 0.810438527 -0.001616296 0.446025429 -0.071074194 -0.341654912 0.057861998 0.935346123
1305031125.579308033 0.792268512 -0.050711519 0.458166862 -0.064389932 -0.318046086 0.043129872 0.944902343
1305031125.911304951 0.800458363 -0.007658145 0.433261395 -0.051664520 -0.323847446 0.047481755 0.943503626
1305031126.079355955 0.811183443 0.044421842 0.425529773 -0.062236607 -0.345177012 0.048580173 0.935210886
1305031126.247298002 0.822584054 0.109417118 0.417151272 -0.081228528 -0.346453291 0.043681031 0.933522368
1305031126.411464930 0.815956157 0.162415655 0.398180413 -0.099970536 -0.334950122 0.030307375 0.936427130
1305031126.647376060 0.815926548 0.208804831 0.379536350 -0.130319875 -0.329601457 0.034129985 0.934459605
1305031127.711374998 0.819890336 0.212508460 0.381320035 -0.125151206 -0.335424346 0.051465292 0.932297703
1305031128.747363091 0.833603461 0.199968583 0.397895674 -0.124498436 -0.344900867 0.046365751 0.929189834
