1305031102.175303936 0.000000000 0.000000000 0.000000000 0.000000000 0.000000000 -0.000000000 1.000000000
1305031102.311266899 -0.017647118 0.010157934 0.050477980 -0.013873778 -0.008781330 -0.003013070 0.999860654
1305031102.475317955 -0.016629462 0.019730237 0.110797676 -0.027962410 -0.020054712 -0.001525991 0.999406616
1305031102.611232996 -0.030429010 0.022036203 0.170487689 -0.044981280 -0.013388401 -0.003011398 0.998893571
1305031102.775471926 -0.034972741 0.039927906 0.219571674 -0.042684137 -0.014425648 0.001237535 0.998983700
1305031102.911185026 -0.040827259 0.048989879 0.278636326 -0.048519594 -0.003046180 -0.004548418 0.998807229
1305031103.111239910 -0.054016645 0.062102698 0.332997095 -0.052262470 -0.020269172 0.001947462 0.998425762
1305031103.311209917 -0.058632883 0.081572030 0.385193928 -0.073710779 -0.021811642 0.014266995 0.996939028
1305031103.675523043 -0.064021542 0.032490752 0.342416953 -0.080158429 -0.044900301 0.017726439 0.995612556
1305031103.843250990 -0.056500845 0.011194546 0.281620934 -0.068670315 -0.048263467 0.009252164 0.996428333
1305031103.975373030 -0.063650259 -0.013711847 0.228604648 -0.077814966 -0.057591335 0.002403192 0.995300102
1305031104.111234903 -0.056874525 -0.030056978 0.170124857 -0.060061057 -0.052872108 -0.006098154 0.996774810
1305031104.243196011 -0.047215434 -0.049343320 0.115371180 -0.045025447 -0.038768180 -0.010069005 0.998182525
1305031104.375837088 -0.033494993 -0.057788959 0.066729319 -0.027895677 -0.029793505 -0.013985977 0.999068852
1305031104.575342894 -0.029390731 -0.070114944 0.007242639 -0.021129399 -0.026715834 -0.009551035 0.999374099
1305031104.711277008 -0.003797839 -0.076625048 -0.044931466 0.017517458 -0.010636280 -0.011750813 0.999720924
1305031104.843257904 0.010344913 -0.062941467 -0.095048041 0.070298231 0.015354935 -0.005997674 0.997389800
1305031105.175158978 0.003956178 -0.017299549 -0.044348688 0.063615086 0.021729483 -0.002162971 0.997735572
1305031105.311290026 -0.014352763 -0.013327106 0.020513443 0.020107195 0.006146638 -0.008004480 0.999746892
1305031105.443315983 -0.038703774 -0.010972391 0.080944324 -0.007604862 -0.013322387 -0.007066094 0.999857365
1305031105.575448990 -0.040485189 -0.007380216 0.133496432 -0.027669707 -0.022763844 -0.008128909 0.999324830
1305031105.711308956 -0.039819530 0.000764277 0.189677908 -0.034916352 -0.026900743 -0.004308394 0.999018837
1305031105.843271017 -0.034996898 0.007526570 0.244223025 -0.033008338 -0.013147474 -0.002754350 0.999364802
1305031105.975328922 -0.021174800 0.028454610 0.299211030 -0.033494957 -0.000841451 0.006404199 0.999418014
1305031106.143354893 -0.022046516 0.049598919 0.357289939 -0.056051009 0.003068623 0.011049732 0.998362044
1305031106.375387907 -0.039732694 0.071434660 0.412183212 -0.080209761 -0.003352350 0.024308991 0.996475905
1305031106.675278902 -0.049831565 0.032979506 0.364388887 -0.096083137 -0.007735418 0.001842465 0.995341549
1305031106.811289072 -0.060707826 0.015798069 0.310865105 -0.093376555 -0.025409583 0.002765081 0.995302731
1305031106.943439007 -0.066173642 -0.001392652 0.246413924 -0.084413793 -0.032931147 -0.008943772 0.995846303
1305031107.075432062 -0.074224183 -0.021707277 0.179406941 -0.070019761 -0.022948252 -0.021249791 0.997055193
1305031107.243377924 -0.070968576 -0.042324154 0.104549059 -0.050704409 -0.020056250 -0.025352517 0.998190392
1305031107.411271095 -0.047565581 -0.049944691 0.039125400 -0.009209106 -0.005855538 -0.028389565 0.999537362
1305031108.075351954 0.004525284 -0.022251037 0.040181529 0.002486692 0.025690194 -0.027367560 0.999292173
1305031108.275357962 0.067245588 -0.022466236 0.055181320 0.000327703 0.050951415 -0.020046616 0.998499864
1305031108.443609953 0.126485996 -0.008439167 0.070842380 -0.017170702 0.045117075 -0.006189701 0.998814950
1305031108.575413942 0.175293306 -0.012944136 0.076232359 -0.020150068 0.052015620 0.012000525 0.998370842
1305031108.711410999 0.225330043 0.003540028 0.081266748 -0.014517377 0.070878259 0.014641147 0.997271856
1305031108.943243027 0.274434603 -0.002289411 0.074960942 -0.016951613 0.080525686 0.048381267 0.995433328
1305031109.211379051 0.219692607 0.003347350 0.065627363 -0.013699231 0.055814071 0.028240374 0.997947695
1305031109.375396967 0.163960656 0.007858364 0.066437456 -0.029358620 0.031735544 0.039237513 0.998294217
1305031109.543293953 0.087649732 0.003453699 0.062901526 -0.039197923 0.012902699 0.022545451 0.998893761
1305031109.711312056 0.021610418 0.013237651 0.058716464 -0.037162679 0.009674325 0.019513122 0.999071860
1305031109.911264896 -0.043884985 0.023780852 0.069842567 -0.053269559 -0.001530714 0.014776249 0.998469666
1305031110.075319052 -0.103293881 0.030186892 0.086213104 -0.064098462 -0.010291911 -0.014971688 0.997778188
1305031110.243323088 -0.175876234 0.030965228 0.101946564 -0.078801889 -0.019434169 -0.025018631 0.996386794
1305031110.443259954 -0.245876610 0.042142680 0.103665376 -0.070875568 -0.045278658 -0.034287628 0.995866886
1305031110.579426050 -0.296855267 0.049737653 0.108035239 -0.079156468 -0.069696018 -0.050799909 0.993124407
1305031110.743248940 -0.339565407 0.049806366 0.110761917 -0.090762331 -0.081639882 -0.063475632 0.990488755
1305031111.279308081 -0.273349782 0.044722370 0.112480651 -0.090965265 -0.062111682 -0.057806747 0.992232755
1305031111.479259014 -0.191137953 0.044952826 0.109221111 -0.080627746 -0.069327727 -0.053604037 0.992884404
1305031111.611270905 -0.122303565 0.037169248 0.105967194 -0.066954555 -0.042424056 -0.050807513 0.995558077
1305031111.711760044 -0.079929100 0.032926625 0.103653286 -0.058806521 -0.031386839 -0.028116677 0.997379623
1305031111.779422998 -0.040307233 0.028223949 0.102163926 -0.053990724 -0.012654318 -0.024633027 0.998157344
1305031111.979449034 0.016449533 0.024755812 0.099606855 -0.047388770 0.014765155 0.000237236 0.998767359
1305031112.079339027 0.050427049 0.023846200 0.096131118 -0.040151735 0.031641707 0.004331610 0.998683072
1305031112.211253881 0.093982980 0.017737090 0.095571103 -0.040399919 0.062283039 -0.009113270 0.997198886
1305031112.343322992 0.152458185 0.002042110 0.091208117 -0.025552284 0.080304985 -0.019388146 0.996254129
1305031112.543211937 0.230636350 0.003308143 0.086912630 -0.004983610 0.066079815 0.016218051 0.997670084
1305031113.243227005 0.177526140 0.013654224 0.089086134 -0.035127942 0.049174015 0.026299459 0.997825778
1305031113.379312038 0.125920347 0.009473527 0.087732395 -0.030643272 0.021341884 0.031360737 0.998810301
1305031113.511523008 0.046981858 0.005342973 0.093791976 -0.035655643 -0.000344667 0.019430457 0.999175167
1305031113.611268044 0.004292760 0.002250337 0.099580763 -0.040942745 -0.013898892 0.010087023 0.999013896
1305031113.779320002 -0.056670857 0.003557778 0.104104583 -0.044765995 -0.011806330 -0.013201758 0.998840493
1305031113.943290949 -0.119603632 0.004637566 0.108783662 -0.038903462 -0.008118360 -0.027459490 0.998832613
1305031114.111263037 -0.201835832 0.012063487 0.113520061 -0.024074158 -0.010723137 -0.042845279 0.998734064
1305031114.243336916 -0.266696531 0.025920910 0.123713141 -0.014722898 -0.020279256 -0.056338093 0.998097193
1305031114.379319906 -0.319825704 0.028945139 0.134244931 -0.018586987 -0.043493346 -0.063478262 0.996861757
1305031114.511265993 -0.366215052 0.025165804 0.142600197 -0.019309635 -0.058256457 -0.072454862 0.995481600
1305031115.279966116 -0.314010244 0.027512524 0.166224259 -0.050015670 -0.056551699 -0.063272899 0.995136613
1305031115.379165888 -0.252649378 0.034958098 0.175191447 -0.042838805 -0.042765882 -0.052845459 0.996766409
1305031115.543603897 -0.178905248 0.032869809 0.188158194 -0.063518388 -0.041661388 -0.021246914 0.996884302
1305031115.611423969 -0.131090575 0.030233941 0.185132662 -0.063188723 -0.021621562 -0.010092466 0.997716310
1305031115.679240942 -0.069369955 0.024093897 0.182240311 -0.062082923 -0.015248808 0.000585540 0.997954328
1305031115.779424906 -0.000232986 0.020846065 0.178063083 -0.060474387 -0.011952984 0.022414230 0.997846470
1305031115.879198074 0.053021756 0.021357216 0.174375949 -0.060030942 0.012380069 0.040833871 0.997284119
1305031116.043164015 0.134878748 0.030582842 0.176062870 -0.058381131 0.038275250 0.063994288 0.995505590
1305031116.179572105 0.177956603 0.050960560 0.184750964 -0.066341031 0.068213996 0.069630528 0.993024324
1305031116.343291998 0.231432787 0.056505423 0.184809215 -0.075286687 0.087028053 0.077560769 0.990324371
1305031116.743290901 0.178099486 0.036389163 0.165805861 -0.073560563 0.078271003 0.053969535 0.992748600
1305031116.846088886 0.125900129 0.033013262 0.162195603 -0.077450837 0.070066019 0.029700269 0.994087529
1305031116.943295956 0.068328740 0.035502525 0.158854595 -0.078316241 0.042349040 0.016030623 0.995899666
1305031117.043261051 0.003869287 0.045052220 0.161179612 -0.073432753 0.019747353 -0.002594190 0.997101270
1305031117.179264069 -0.069999045 0.057926267 0.163738682 -0.079213650 -0.013267348 -0.007834513 0.996738579
1305031117.611159086 -0.111290222 0.024146018 0.167812513 -0.079085941 -0.028621264 -0.018440617 0.996286194
1305031117.811320066 -0.116770563 -0.021685453 0.185940591 -0.078371589 -0.041547456 -0.006760314 0.996035140
1305031117.979228020 -0.122435220 -0.063930508 0.205798665 -0.074373239 -0.034210435 -0.005751072 0.996626907
1305031118.143255949 -0.129089879 -0.117090008 0.230724494 -0.079044588 -0.024880748 -0.006939409 0.996536375
1305031118.311299086 -0.122832914 -0.168033389 0.249173918 -0.068468475 -0.021936580 -0.008616373 0.997374861
1305031118.879208088 -0.109826485 -0.119236684 0.246505947 -0.054209806 -0.026322586 -0.017389780 0.998031069
1305031119.011363029 -0.121023525 -0.069127142 0.221360618 -0.055079304 -0.017668083 -0.028259017 0.997925617
1305031119.179225922 -0.132103782 -0.025078975 0.191553742 -0.061963077 -0.027580542 -0.024097718 0.997406232
1305031119.347740889 -0.128949666 0.027606691 0.164904862 -0.055520696 -0.034645489 -0.020099046 0.997653833
1305031119.511240005 -0.133823453 0.089318390 0.145102445 -0.049746809 -0.031385782 -0.020039516 0.998067435
1305031119.715231895 -0.133699487 0.143412167 0.132775157 -0.064225226 -0.023821631 -0.019758214 0.997455394
1305031119.911401033 -0.120259651 0.197170671 0.120679727 -0.079332864 -0.025118129 -0.007421991 0.996504034
1305031120.479432106 -0.133151919 0.157649171 0.128913550 -0.071894514 -0.017327904 -0.001794088 0.997260098
1305031120.647353888 -0.127598510 0.110718555 0.153018576 -0.049164048 -0.031587048 0.011425822 0.998225729
1305031120.847920895 -0.120708587 0.063862342 0.175142303 -0.035238724 -0.038881536 0.011807950 0.998552468
1305031121.047497988 -0.121496823 0.009434416 0.191896114 -0.031023605 -0.038492896 0.001143472 0.998776514
1305031121.247194052 -0.126260252 -0.046242809 0.204864664 -0.021691471 -0.041364335 -0.000974640 0.998908165
1305031121.414318085 -0.126664340 -0.094389067 0.218847942 -0.015063439 -0.044763689 0.003553744 0.998877708
1305031121.683199883 -0.129359450 -0.159583227 0.238912380 -0.009213964 -0.029938457 -0.002350399 0.999506512
1305031122.314289093 -0.127767889 -0.103787751 0.229918482 -0.026199927 -0.026332450 -0.023845842 0.999025296
1305031122.483360052 -0.141668759 -0.050868346 0.205672941 -0.048528462 -0.042278920 -0.024996967 0.997613469
1305031122.683402061 -0.155514997 0.013299039 0.175502778 -0.051150062 -0.048575856 -0.025935358 0.997171708
1305031122.851418018 -0.155583920 0.069938745 0.159432516 -0.057419633 -0.050311937 -0.025541356 0.996754400
1305031123.051826954 -0.147424281 0.120569414 0.143248440 -0.069097309 -0.042660751 -0.017868677 0.996537171
1305031123.214704037 -0.151661178 0.175338843 0.133639808 -0.073822331 -0.033956970 -0.012264429 0.996617666
1305031123.411362886 -0.149185750 0.228133179 0.130832232 -0.107081930 -0.015505563 -0.006381293 0.994108805
1305031123.611335039 -0.123171303 0.279676894 0.123966573 -0.116286368 -0.018161010 0.000402998 0.993049594
1305031124.311361074 -0.131927522 0.215322208 0.141386712 -0.104270574 -0.028003134 0.018079573 0.993990242
1305031124.480098963 -0.127141897 0.161334022 0.149055506 -0.079786149 -0.037395542 0.011965797 0.996038435
1305031124.651271105 -0.125881510 0.110351378 0.159551996 -0.054721283 -0.046657019 0.002732513 0.997407257
1305031124.779365063 -0.127944713 0.061409451 0.172840695 -0.042250048 -0.048905872 -0.003306060 0.997903913
1305031124.911448002 -0.128168558 0.019567942 0.192989394 -0.033947865 -0.050096845 -0.006594580 0.998145460
1305031125.050762892 -0.125651512 -0.027896946 0.215049279 -0.030434938 -0.051461513 -0.004013765 0.998203044
1305031125.250632048 -0.127466955 -0.083709671 0.238298369 -0.029706324 -0.047127784 -0.001564522 0.998445822
1305031125.579308033 -0.143070607 -0.131926648 0.256170314 -0.025689170 -0.021589487 -0.017098517 0.999290549
1305031125.911304951 -0.143623067 -0.087066649 0.233188814 -0.012737493 -0.028569091 -0.016890591 0.999367936
1305031126.079355955 -0.131175039 -0.035734333 0.223319565 -0.024271090 -0.050676872 -0.013168830 0.998333286
1305031126.247298002 -0.116529335 0.028358879 0.213177794 -0.043959354 -0.050913979 -0.012179590 0.997660764
1305031126.411464930 -0.124335002 0.083738409 0.203985992 -0.064851870 -0.037252401 -0.019044440 0.997017454
1305031126.647376060 -0.127226064 0.131958965 0.191064657 -0.092314218 -0.030995635 -0.006144965 0.995228414
1305031127.711374998 -0.122017310 0.134925977 0.190544982 -0.082803982 -0.038430700 0.008739268 0.995786226
1305031128.747363091 -0.103131578 0.119014459 0.195843930 -0.084498973 -0.048274661 0.003485759 0.995247371
