1305031102.175303936 0.000000000 0.000000000 0.000000000 0.000000000 0.000000000 0.000000000 1.000000000
1305031102.311266899 -0.012510775 0.008660041 0.050209474 -0.014250650 -0.009482547 -0.002881426 0.999849337
1305031102.475317955 -0.006179965 0.016537836 0.110441612 -0.028920920 -0.021621822 -0.000839966 0.999347473
1305031102.611232996 -0.012747438 0.019100375 0.168634437 -0.046333211 -0.016586705 -0.002675442 0.998784740
1305031102.775471926 -0.017193111 0.037119810 0.217536844 -0.044170974 -0.017418668 0.002647415 0.998868613
1305031102.911185026 -0.025279302 0.047968256 0.275914990 -0.049308285 -0.004587477 -0.001965205 0.998771138
1305031103.111239910 -0.040638421 0.062409209 0.329779433 -0.052412396 -0.020217917 0.006554375 0.998399327
1305031103.311209917 -0.048898787 0.085773895 0.380978213 -0.071563778 -0.019502085 0.020159234 0.997041574
1305031103.675523043 -0.056325430 0.040438846 0.336859475 -0.076021324 -0.040853574 0.026551790 0.995915030
1305031103.843250990 -0.048900377 0.020168796 0.275396229 -0.064508648 -0.043789500 0.019464564 0.996765893
1305031103.975373030 -0.055677203 -0.004673448 0.222018166 -0.073715701 -0.053143293 0.013464253 0.995771309
1305031104.111234903 -0.048633071 -0.020772968 0.163169884 -0.056271211 -0.048166840 0.005557299 0.997237496
1305031104.243196011 -0.038658791 -0.039635521 0.108017215 -0.041537987 -0.033850396 0.002008589 0.998561321
1305031104.375837088 -0.024027585 -0.046710152 0.058661867 -0.024362435 -0.024424844 -0.001597598 0.999403495
1305031104.575342894 -0.019117591 -0.057843812 -0.001311866 -0.017387503 -0.021094433 0.002921308 0.999622011
1305031104.711277008 0.007453525 -0.062741366 -0.054083275 0.021185149 -0.004452504 0.000842213 0.999765300
1305031104.843257904 0.022469092 -0.047874394 -0.104328934 0.073773798 0.022091317 0.006500304 0.997009100
1305031105.175158978 0.017091844 -0.002709791 -0.053276233 0.067093622 0.028351068 0.010169741 0.997291953
1305031105.311290026 0.000651356 0.000697511 0.011803709 0.023920727 0.012483315 0.004180728 0.999627174
1305031105.443315983 -0.021000328 0.002101583 0.072528866 -0.003492101 -0.007564659 0.004786756 0.999953833
1305031105.575448990 -0.020521744 0.005606904 0.125203260 -0.023205304 -0.017363225 0.003112274 0.999575083
1305031105.711308956 -0.017603380 0.013619429 0.181495919 -0.030127762 -0.021734463 0.006234234 0.999290281
1305031105.843271017 -0.011560411 0.020386078 0.235180419 -0.028224901 -0.008053593 0.007438183 0.999541479
1305031105.975328922 0.003435486 0.041438425 0.289267273 -0.028656347 0.004063154 0.016143486 0.999450695
1305031106.143354893 0.005693562 0.061904825 0.346699512 -0.051421836 0.006574076 0.020189969 0.998451271
1305031106.375387907 -0.007351642 0.083344853 0.400778476 -0.075510473 -0.002372406 0.032075097 0.996626173
1305031106.675278902 -0.011156930 0.047301366 0.351487450 -0.090485829 -0.009488670 0.008128666 0.995819363
1305031106.811289072 -0.016905072 0.031750419 0.296771806 -0.087411436 -0.028743002 0.009451806 0.995712681
1305031106.943439007 -0.018235076 0.016319895 0.231366885 -0.078146518 -0.037133623 -0.001795871 0.996248458
1305031107.075432062 -0.023397125 -0.002735259 0.163335921 -0.063773532 -0.027325607 -0.013709311 0.997496016
1305031107.243377924 -0.017476154 -0.021897507 0.087669895 -0.044438168 -0.024522384 -0.017552339 0.998556867
1305031107.411271095 0.007446578 -0.028911894 0.022354638 -0.003230036 -0.010551489 -0.020631270 0.999726254
1305031108.075351954 0.053039167 0.000957697 0.023469155 0.008415277 0.021987918 -0.019016944 0.999541930
1305031108.275357962 0.110001690 0.002726760 0.038518164 0.006183357 0.047979445 -0.011168569 0.998766741
1305031108.443609953 0.163563873 0.018608079 0.054490166 -0.011121561 0.042580820 0.003070703 0.999026404
1305031108.575413942 0.206836293 0.016183934 0.059830116 -0.013905369 0.050088632 0.021551860 0.998415388
1305031108.711410999 0.253742622 0.035633478 0.065456986 -0.008025150 0.068872018 0.027070474 0.997225868
1305031108.943243027 0.305036623 0.032579612 0.059897368 -0.009480789 0.078375641 0.062428493 0.994922136
1305031109.211379051 0.252411126 0.038648625 0.051251190 -0.003919673 0.053962343 0.044669056 0.997535652
1305031109.375396967 0.198108245 0.041305010 0.052627252 -0.018749826 0.029952286 0.055584665 0.997828467
1305031109.543293953 0.123374703 0.034665503 0.049279326 -0.027809833 0.011574524 0.038678360 0.998797591
1305031109.711312056 0.060659917 0.041462035 0.044884050 -0.026112888 0.007848147 0.035157439 0.999009749
1305031109.911264896 -0.000938776 0.048392037 0.055705760 -0.042557741 -0.004216657 0.029492310 0.998649719
1305031110.075319052 -0.056059939 0.050420335 0.071657656 -0.054155131 -0.013743229 -0.000821823 0.998437615
1305031110.243323088 -0.124920513 0.047539709 0.086805817 -0.069210709 -0.023630124 -0.011216577 0.997259085
1305031110.443259954 -0.191388166 0.055683302 0.088265677 -0.061263108 -0.049915481 -0.020645812 0.996658932
1305031110.579426050 -0.239115919 0.060932283 0.092606484 -0.069414454 -0.074877126 -0.037388904 0.994070983
1305031110.743248940 -0.278787371 0.058935049 0.095319784 -0.081092981 -0.087385993 -0.050100768 0.991603514
1305031111.279308081 -0.209460206 0.054984519 0.098311136 -0.081983983 -0.068423056 -0.043953596 0.993310119
1305031111.479259014 -0.124147599 0.056937073 0.096634267 -0.071959267 -0.076028880 -0.039393006 0.993725145
1305031111.611270905 -0.051750873 0.050062338 0.094684677 -0.059343256 -0.049496643 -0.035849671 0.996365024
1305031111.711760044 -0.005877690 0.046033153 0.093240502 -0.052014329 -0.039034912 -0.012820107 0.997800797
1305031111.779422998 0.037625970 0.041072477 0.092524641 -0.048162063 -0.020910485 -0.009132889 0.998578869
1305031111.979449034 0.100001446 0.035588103 0.091574686 -0.043868408 0.005144715 0.015806104 0.998899025
1305031112.079339027 0.138300346 0.033814111 0.088855645 -0.037725528 0.021285757 0.019718669 0.998866796
1305031112.211253881 0.182069153 0.030429377 0.089004365 -0.037203442 0.053094627 0.005987649 0.997878255
1305031112.343322992 0.237928327 0.016051621 0.085409400 -0.021832857 0.073113559 -0.007568383 0.997055893
1305031112.543211937 0.314230900 0.017195792 0.082602196 -0.001703844 0.060195217 0.025695909 0.997854375
1305031113.243227005 0.258819114 0.027987204 0.085459479 -0.031120137 0.044860247 0.032300146 0.997985870
1305031113.379312038 0.200425163 0.025723734 0.083655998 -0.025699290 0.018065703 0.036761289 0.998830208
1305031113.511523008 0.114526674 0.023128757 0.089100604 -0.029802519 -0.002365799 0.024333593 0.999256768
1305031113.611268044 0.064223863 0.022438911 0.094146290 -0.034033050 -0.014351753 0.014217590 0.999216512
1305031113.779320002 -0.004262421 0.025859712 0.098030417 -0.036999733 -0.010591943 -0.009579324 0.999213224
1305031113.943290949 -0.074527059 0.024988488 0.103751604 -0.031436366 -0.005284518 -0.022450536 0.999239612
1305031114.111263037 -0.163504856 0.029261940 0.109971274 -0.017175668 -0.006439811 -0.036529400 0.999164215
1305031114.243336916 -0.234674838 0.039950789 0.121390499 -0.008353889 -0.014804020 -0.049141118 0.998647187
1305031114.379319906 -0.293654696 0.040078850 0.132826739 -0.012537205 -0.037020396 -0.055679685 0.997683357
1305031114.511265993 -0.345273362 0.033572777 0.141799648 -0.013616557 -0.050836822 -0.064311574 0.996541132
1305031115.279966116 -0.297694913 0.034728880 0.164472697 -0.044722938 -0.048662143 -0.054414193 0.996328736
1305031115.379165888 -0.241530705 0.040870818 0.172428186 -0.038164833 -0.033975050 -0.043478240 0.997746854
1305031115.543603897 -0.173142404 0.037671138 0.184110167 -0.059347990 -0.032296345 -0.010591227 0.997658553
1305031115.611423969 -0.131807951 0.033974828 0.180460277 -0.059763953 -0.011097358 0.001860619 0.998149115
1305031115.679240942 -0.078713830 0.028898104 0.176570736 -0.058492235 -0.002478072 0.014075278 0.998185556
1305031115.779424906 -0.020682133 0.028061610 0.170238999 -0.056038592 0.003986652 0.037539340 0.997714679
1305031115.879198074 0.034050503 0.030078414 0.165366629 -0.055733360 0.027660781 0.056171538 0.996480523
1305031116.043164015 0.116887905 0.041709357 0.164921462 -0.054113217 0.053047514 0.079431709 0.993955897
1305031116.179572105 0.161051895 0.063923259 0.172716602 -0.062117462 0.082246380 0.085179548 0.991020382
1305031116.343291998 0.215687001 0.071348646 0.171358349 -0.071085622 0.100332381 0.093281553 0.988017611
1305031116.743290901 0.163261566 0.049824702 0.153858940 -0.069577427 0.091512760 0.069766169 0.990917291
1305031116.846088886 0.111994307 0.045260871 0.151788440 -0.073546871 0.083098825 0.045561934 0.992778703
1305031116.943295956 0.055293864 0.046404513 0.150174376 -0.074053482 0.055141519 0.031792227 0.995220955
1305031117.043261051 -0.008121598 0.054313732 0.154486404 -0.068975043 0.032308872 0.013003555 0.997010275
1305031117.179264069 -0.080569893 0.065163996 0.159309928 -0.074271860 -0.001367278 0.007710076 0.997207288
1305031117.611159086 -0.110445234 0.026953184 0.164101983 -0.074433119 -0.019795021 -0.002492093 0.997026408
1305031117.811320066 -0.111807470 -0.019223224 0.181698152 -0.072894957 -0.033996536 0.007049035 0.996735106
1305031117.979228020 -0.114386740 -0.062443501 0.201173022 -0.068710282 -0.027424600 0.006700507 0.997237129
1305031118.143255949 -0.117220080 -0.117407151 0.225785618 -0.073634094 -0.019130126 0.004639479 0.997091036
1305031118.311299086 -0.111849784 -0.168176144 0.243766063 -0.062628208 -0.015451318 0.002825099 0.997913314
1305031118.879208088 -0.102062371 -0.119137589 0.241832393 -0.048139358 -0.019127333 -0.005892367 0.998640089
1305031119.011363029 -0.117119513 -0.068839272 0.217937531 -0.048845203 -0.009848199 -0.016597479 0.998619889
1305031119.179225922 -0.127156135 -0.024712398 0.188542583 -0.055171151 -0.018441739 -0.012437798 0.998229106
1305031119.347740889 -0.121583732 0.026482080 0.162290905 -0.049197346 -0.024957173 -0.007192801 0.998451313
1305031119.511240005 -0.127006245 0.083522198 0.144699975 -0.043879293 -0.022129095 -0.007842657 0.998760934
1305031119.715231895 -0.127821180 0.134671987 0.134040434 -0.057668288 -0.014143349 -0.009047776 0.998194606
1305031119.911401033 -0.116382193 0.185191497 0.123274601 -0.072337049 -0.014755531 0.003537744 0.997264814
1305031120.479432106 -0.128573049 0.140567619 0.132353840 -0.065283546 -0.005921794 0.010436938 0.997794599
1305031120.647353888 -0.122024172 0.089481273 0.156600021 -0.041967009 -0.018821855 0.024172672 0.998649183
1305031120.847920895 -0.112496571 0.037638998 0.178874558 -0.028317771 -0.025782404 0.023935867 0.998979702
1305031121.047497988 -0.112141701 -0.019379153 0.195445062 -0.024258552 -0.024681581 0.012775352 0.999319335
1305031121.247194052 -0.115674539 -0.077983222 0.208381177 -0.015096859 -0.026952341 0.010207828 0.999470588
1305031121.414318085 -0.112197754 -0.125621250 0.221179072 -0.007692075 -0.029766934 0.013654175 0.999434002
1305031121.683199883 -0.106900253 -0.192238534 0.239564261 -0.001892213 -0.015305510 0.006269907 0.999861415
1305031122.314289093 -0.099635189 -0.137180945 0.230462074 -0.018733752 -0.011846907 -0.017736160 0.999596982
1305031122.483360052 -0.112878260 -0.083713304 0.207224496 -0.040130365 -0.026126998 -0.020243896 0.998647645
1305031122.683402061 -0.129226960 -0.021278524 0.178547215 -0.043015252 -0.031935362 -0.021040731 0.998342180
1305031122.851418018 -0.131417101 0.033610015 0.163274246 -0.049500033 -0.033128126 -0.020412466 0.998015834
1305031123.051826954 -0.125602528 0.082486246 0.147366249 -0.061306097 -0.024881131 -0.012264586 0.997733467
1305031123.214704037 -0.132035063 0.135437723 0.139238864 -0.066185495 -0.016053835 -0.006445372 0.997657362
1305031123.411362886 -0.132321759 0.186974887 0.137748561 -0.099296405 0.002646990 0.000355446 0.995054316
1305031123.611335039 -0.110242094 0.237182333 0.131364777 -0.108422314 0.000916603 0.007849143 0.994073515
1305031124.311361074 -0.120725253 0.169867086 0.149309390 -0.096428741 -0.007858551 0.025601746 0.994979543
1305031124.480098963 -0.117187397 0.113850088 0.156710623 -0.072152454 -0.016474736 0.018985734 0.997076802
1305031124.651271105 -0.116511859 0.060822997 0.167010707 -0.047376039 -0.025221034 0.009153045 0.998516716
1305031124.779365063 -0.118716336 0.009664954 0.180151391 -0.035309418 -0.027165435 0.002923666 0.999002871
1305031124.911448002 -0.116016160 -0.033029114 0.199365666 -0.027443904 -0.027720653 0.001143476 0.999238255
1305031125.050762892 -0.110218018 -0.080943198 0.220420123 -0.023960166 -0.028640135 0.004663176 0.999291703
1305031125.250632048 -0.111986777 -0.134863958 0.242413397 -0.022325055 -0.024265649 0.006992902 0.999431773
1305031125.579308033 -0.124367620 -0.181567988 0.259260985 -0.018145403 -0.000225344 -0.009481688 0.999790374
1305031125.911304951 -0.123967452 -0.135052381 0.235715464 -0.004891493 -0.008842403 -0.009770159 0.999901210
1305031126.079355955 -0.109906338 -0.083161144 0.225033927 -0.016370078 -0.032976313 -0.005585073 0.999306455
1305031126.247298002 -0.097912343 -0.019904148 0.215558925 -0.036143906 -0.033640560 -0.004419487 0.998770444
1305031126.411464930 -0.107331528 0.035959953 0.208355340 -0.056291590 -0.020703189 -0.012444643 0.998122120
1305031126.647376060 -0.105898472 0.084460200 0.196274779 -0.081623845 -0.015133838 -0.002429189 0.996545340
1305031127.711374998 -0.095027119 0.085204572 0.195320756 -0.071702638 -0.023927593 0.011859493 0.997068480
1305031128.747363091 -0.070839121 0.066906597 0.199443567 -0.073260092 -0.034681652 0.005684626 0.996693447
