1305031102.175303936 1.331857032 0.670586568 1.565147316 0.462467805 0.700115834 -0.543931359 0.010001184
1305031102.211214066 1.319083110 0.656485318 1.545379300 0.455195103 0.704121702 -0.544812526 0.013760724
1305031102.243211031 1.319083110 0.656485318 1.545379300 0.455195103 0.704121702 -0.544812526 0.013760724
1305031102.275326014 1.310551124 0.648742996 1.540675211 0.453568361 0.708003086 -0.541010406 0.017751443
1305031102.311266899 1.301065011 0.643168425 1.537974388 0.452462440 0.711338130 -0.537377091 0.022397907
1305031102.343233109 1.292220993 0.637007287 1.538427520 0.451653939 0.715101468 -0.532866457 0.026304911
1305031102.375329018 1.289557506 0.627139567 1.530300570 0.451881411 0.714473966 -0.533486900 0.026867654
1305031102.411257982 1.286550594 0.619064320 1.520488696 0.451874918 0.713745418 -0.534413796 0.027900370
1305031102.443270922 1.284903552 0.608045352 1.512495166 0.451225732 0.713550458 -0.535264557 0.027072814
1305031102.475317955 1.277846665 0.603660143 1.506434216 0.449320044 0.716902766 -0.532161185 0.031086883
1305031102.511219025 1.264989929 0.584768262 1.493177784 0.446830962 0.723859264 -0.524392760 0.037176465
1305031102.543220043 1.264989929 0.584768262 1.493177784 0.446830962 0.723859264 -0.524392760 0.037176465
1305031102.575285912 1.264533061 0.574288130 1.492314727 0.445799472 0.727687970 -0.520063799 0.035590638
1305031102.611232996 1.260274999 0.548992628 1.489616954 0.449963039 0.726921095 -0.517817104 0.031375646
1305031102.643265009 1.260274999 0.548992628 1.489616954 0.449963039 0.726921095 -0.517817104 0.031375646
1305031102.675285101 1.264295218 0.543590743 1.480411872 0.450057433 0.725349350 -0.520087330 0.028736675
1305031102.711262941 1.260332614 0.533837832 1.471881482 0.450774912 0.724598503 -0.520443900 0.029952219
1305031102.743233919 1.256414120 0.523397784 1.466615538 0.451692006 0.724206023 -0.520159431 0.030563616
1305031102.775471926 1.255180599 0.512855652 1.457868129 0.452518905 0.723365977 -0.520598765 0.030744585
1305031102.811232090 1.255654535 0.505199820 1.452891924 0.451142748 0.725780616 -0.518509904 0.029329137
1305031102.843290091 1.253782525 0.498290606 1.447707105 0.449369389 0.728417303 -0.516437283 0.027711333
1305031102.875363111 1.251909257 0.489763806 1.446021510 0.448729648 0.730995742 -0.513401117 0.026574826
1305031102.911185026 1.248367934 0.473762996 1.435259920 0.447379470 0.732832235 -0.512126289 0.023134184
1305031102.943228960 1.248367934 0.473762996 1.435259920 0.447379470 0.732832235 -0.512126289 0.023134184
1305031102.975203037 1.246841627 0.462245022 1.433039965 0.448278379 0.733263661 -0.510770936 0.021998834
1305031103.011214972 1.236632361 0.449191457 1.417017191 0.449985469 0.730889842 -0.512140633 0.032017006
1305031103.043226957 1.236632361 0.449191457 1.417017191 0.449985469 0.730889842 -0.512140633 0.032017006
1305031103.075319052 1.230927806 0.443443696 1.410670439 0.450809703 0.730025270 -0.512309740 0.037046539
1305031103.111239910 1.225796709 0.438350172 1.405232788 0.450959396 0.729309321 -0.512995210 0.039742319
1305031103.143317938 1.226135673 0.433417912 1.397093933 0.450921534 0.728163147 -0.514698237 0.039165365
1305031103.175451994 1.224149357 0.422377940 1.396123946 0.454012681 0.728049515 -0.512110312 0.039489470
1305031103.211220026 1.220881961 0.406925423 1.383387664 0.455874798 0.729282989 -0.508443608 0.042539245
1305031103.243216038 1.220881961 0.406925423 1.383387664 0.455874798 0.729282989 -0.508443608 0.042539245
1305031103.275369883 1.215398973 0.400314515 1.381121461 0.456615377 0.732292509 -0.503045469 0.046854400
1305031103.311209917 1.196833633 0.397052875 1.374781680 0.452313487 0.739502689 -0.494318960 0.064784632
1305031103.343223095 1.196833633 0.397052875 1.374781680 0.452313487 0.739502689 -0.494318960 0.064784632
1305031103.375327110 1.194842009 0.396394343 1.372950653 0.452111401 0.739365069 -0.494428102 0.066898631
1305031103.411259890 1.194334665 0.393750195 1.374454332 0.453986721 0.739748468 -0.492050301 0.067488983
1305031103.443279982 1.189952522 0.394081412 1.378440423 0.454354188 0.740926164 -0.489611466 0.069794724
1305031103.475274086 1.189248828 0.397095454 1.381190341 0.454786705 0.740512145 -0.489514354 0.072017447
1305031103.511332989 1.187340893 0.400895843 1.384927706 0.453384107 0.740935174 -0.489918275 0.073742821
1305031103.543443918 1.188266516 0.405811822 1.389100971 0.452812968 0.740309519 -0.491535650 0.072766318
1305031103.575474024 1.190383593 0.412564757 1.393510130 0.452393150 0.738645968 -0.494654074 0.071133103
1305031103.611222982 1.190383593 0.412564757 1.393510130 0.452393150 0.738645968 -0.494654074 0.071133103
1305031103.643445015 1.193249047 0.421601911 1.398333939 0.452965239 0.736375869 -0.497341252 0.072282437
1305031103.675523043 1.194740736 0.432226998 1.401772838 0.452594652 0.733735776 -0.501218794 0.074629830
1305031103.711610079 1.198377260 0.442108490 1.404518784 0.452460347 0.730994335 -0.505265999 0.075054563
1305031103.743325949 1.199428686 0.451026360 1.411580691 0.453043586 0.729478244 -0.506907188 0.075220370
1305031103.775341988 1.200280643 0.460403115 1.419977708 0.452872505 0.728839580 -0.508048028 0.074743312
1305031103.811242104 1.209024263 0.468294098 1.425684158 0.452680360 0.727349234 -0.510878961 0.071037105
1305031103.843250990 1.215963538 0.477234357 1.431448488 0.451603342 0.728128638 -0.511073503 0.068461544
1305031103.875360966 1.214889087 0.480524016 1.441416743 0.451349740 0.730367538 -0.507986591 0.069255282
1305031103.911221027 1.203856730 0.486627526 1.453032475 0.450616011 0.733375845 -0.503363691 0.075697259
1305031103.943211079 1.202867130 0.501144623 1.459826943 0.447573822 0.733799417 -0.505059106 0.078303185
1305031103.975373030 1.204379521 0.513050332 1.467814951 0.445562573 0.733597864 -0.507312537 0.077085390
1305031104.011231899 1.206239180 0.522432035 1.477060783 0.444976783 0.732846973 -0.509054944 0.076118593
1305031104.043248892 1.212384514 0.531574515 1.486697430 0.447111806 0.730161515 -0.511294620 0.074384181
1305031104.075424910 1.226048830 0.540852814 1.495834503 0.448444449 0.727264847 -0.515294283 0.066747437
1305031104.111234903 1.230057367 0.549243559 1.507540874 0.448081062 0.727462456 -0.515877265 0.062388976
1305031104.143229961 1.236865795 0.558847617 1.520056456 0.449116755 0.727810435 -0.514971703 0.058225909
1305031104.175424099 1.241034619 0.563137965 1.535705241 0.450768954 0.727063973 -0.515108298 0.053373884
1305031104.211282969 1.247890535 0.578634121 1.560060325 0.454114596 0.724133497 -0.516756179 0.048720266
1305031104.243196011 1.247890535 0.578634121 1.560060325 0.454114596 0.724133497 -0.516756179 0.048720266
1305031104.275546074 1.253858959 0.584200230 1.568313854 0.456667761 0.721169182 -0.518826420 0.046783692
1305031104.311218977 1.255007424 0.589641543 1.580571977 0.458179632 0.720150580 -0.519053772 0.045141432
1305031104.343342066 1.255000782 0.594702748 1.589991486 0.460296322 0.718769470 -0.519160280 0.044388611
1305031104.375837088 1.260870909 0.602115124 1.598813446 0.461605033 0.718499449 -0.518555752 0.042181360
1305031104.411509037 1.266433595 0.608930019 1.607165143 0.463461450 0.718293300 -0.517267609 0.041139285
1305031104.443288088 1.275767631 0.614589228 1.614556556 0.465103769 0.717930128 -0.516506907 0.038411348
1305031104.475455999 1.280307019 0.621502921 1.619504806 0.465489355 0.717903359 -0.516239006 0.037838022
1305031104.511328936 1.282386460 0.629058758 1.624777076 0.465589876 0.717975807 -0.515970280 0.038877738
1305031104.543368101 1.280136595 0.641363717 1.632243900 0.465344561 0.718258375 -0.515569248 0.041805456
1305031104.575342894 1.279320658 0.646490037 1.639517580 0.466475555 0.716450157 -0.516993182 0.042635430
1305031104.611335993 1.276109373 0.651586828 1.652088214 0.467322143 0.715569301 -0.517485033 0.042188043
1305031104.643243074 1.278159888 0.659886603 1.670227018 0.469909349 0.712721028 -0.519386136 0.038104873
1305031104.675524950 1.276767196 0.659541597 1.697893422 0.476361954 0.709034839 -0.519040651 0.030752049
1305031104.711277008 1.273780090 0.662544472 1.726007683 0.482439207 0.705865576 -0.518127005 0.023464991
1305031104.743279934 1.265871647 0.663077069 1.762400160 0.489323848 0.702791909 -0.516104269 0.016795465
1305031104.775326967 1.258686255 0.663288347 1.795951516 0.495660018 0.699695993 -0.514430914 0.010368137
1305031104.811465025 1.247086167 0.664698299 1.823304521 0.501464977 0.696495334 -0.513230421 0.004654176
1305031104.843257904 1.241533369 0.666831126 1.848557448 0.507484278 0.693260151 -0.511712278 -0.000784514
1305031104.875349998 1.224913446 0.665660784 1.880762733 0.510068362 0.695015926 -0.506732125 -0.002383644
1305031104.911534071 1.217338485 0.663181443 1.891853322 0.511045522 0.695189218 -0.505507444 -0.002578786
1305031104.943262100 1.215777821 0.665004459 1.894776410 0.511388385 0.695098723 -0.505286838 -0.002212810
1305031104.975202084 1.214055661 0.666125984 1.892602990 0.511463064 0.694819015 -0.505597544 -0.001787074
1305031105.011290073 1.218288451 0.662201670 1.884945058 0.511579858 0.694104639 -0.506456958 -0.002479836
1305031105.043373108 1.232500839 0.660750184 1.868190835 0.511794980 0.692584795 -0.508311759 -0.003369860
1305031105.075320005 1.250251980 0.658234958 1.842305323 0.511567608 0.690591968 -0.511233361 -0.004665460
1305031105.111299038 1.271019712 0.653529783 1.812100937 0.511350359 0.688166736 -0.514690780 -0.006384040
1305031105.143105984 1.286280377 0.648942637 1.788876823 0.511154573 0.686449570 -0.517155831 -0.007605081
1305031105.175158978 1.305704422 0.639712467 1.754321293 0.510958943 0.683468150 -0.521256833 -0.009141079
1305031105.211267948 1.318756180 0.628423235 1.724435257 0.509124854 0.686311294 -0.519342198 -0.007236799
1305031105.243269920 1.327025852 0.621228632 1.703493004 0.508068758 0.689435874 -0.516268538 -0.003333045
1305031105.275288105 1.315856042 0.614072793 1.684440257 0.502724303 0.693625747 -0.515884844 0.003798193
1305031105.311290026 1.307373513 0.610942704 1.660203164 0.496772636 0.698182006 -0.515374519 0.012163099
1305031105.343302011 1.292624276 0.604088662 1.643257149 0.492015926 0.702360140 -0.513890228 0.022965090
1305031105.375338078 1.277532356 0.599893469 1.629447457 0.485490393 0.707301993 -0.512914759 0.030682541
1305031105.411286116 1.267551778 0.595595261 1.623591358 0.484456528 0.709627874 -0.510293224 0.036482588
1305031105.443315983 1.267877398 0.590820444 1.600054133 0.479598268 0.710322667 -0.513768984 0.038322863
1305031105.475280046 1.257402199 0.583410777 1.596426918 0.477172490 0.714964016 -0.509180635 0.043219794
1305031105.511332035 1.246472161 0.579635372 1.591090955 0.475512939 0.717917671 -0.506021261 0.049235620
1305031105.543282032 1.246990936 0.572547605 1.582074265 0.473039929 0.720571606 -0.504560030 0.049284515
1305031105.575448990 1.250655337 0.565857146 1.570499031 0.471763511 0.721502932 -0.504500784 0.048493987
1305031105.611377954 1.253444932 0.559940081 1.559583227 0.470354242 0.722129134 -0.504991544 0.047748732
1305031105.643273115 1.250441194 0.543018788 1.537968323 0.469781394 0.721927818 -0.505736375 0.048542625
1305031105.675165892 1.250441194 0.543018788 1.537968323 0.469781394 0.721927818 -0.505736375 0.048542625
1305031105.711308956 1.247562025 0.532794774 1.528142435 0.470086556 0.721444856 -0.506076480 0.049219376
1305031105.743311882 1.245473897 0.521208279 1.521578189 0.470606031 0.721134016 -0.506274773 0.046707055
1305031105.775338888 1.246601073 0.509400218 1.515442639 0.471897650 0.720483996 -0.506284988 0.043484826
1305031105.811283112 1.245791501 0.495484199 1.509162728 0.472657792 0.720859634 -0.505345038 0.039779293
1305031105.843271017 1.247111329 0.482214958 1.505283770 0.474831119 0.720178910 -0.504558051 0.036040518
1305031105.875336885 1.242861507 0.471933734 1.499528646 0.475716280 0.719860522 -0.504247844 0.035056545
1305031105.911262035 1.243513386 0.458054302 1.492287551 0.477354327 0.719306369 -0.503758181 0.030965924
1305031105.943272114 1.247006951 0.450497255 1.482133713 0.477974736 0.719512100 -0.502967612 0.029429097
1305031105.975328922 1.249841159 0.442391771 1.473038085 0.476831036 0.720875290 -0.502262869 0.026513964
1305031106.011285067 1.243329684 0.435082761 1.468224053 0.475321542 0.724498950 -0.498361972 0.028390978
1305031106.043354988 1.242760454 0.427749331 1.460490372 0.475160687 0.726440333 -0.495642820 0.029068185
1305031106.075330019 1.236351643 0.420013892 1.456906820 0.475329868 0.729683494 -0.490499217 0.032156373
1305031106.111326933 1.231240783 0.411860987 1.453285347 0.474654097 0.732729734 -0.486477891 0.033909991
1305031106.143354893 1.226393618 0.401292017 1.447891756 0.474580528 0.735165011 -0.482718181 0.035901068
1305031106.175534010 1.218453518 0.392267173 1.446837942 0.475547474 0.738486151 -0.476238314 0.041108071
1305031106.211275101 1.213365070 0.386386855 1.442677893 0.474788050 0.740797783 -0.473095449 0.044448262
1305031106.243267059 1.207826733 0.382224902 1.440068861 0.473764376 0.743143173 -0.470119688 0.047676195
1305031106.276385069 1.205631717 0.378385438 1.434837868 0.474966823 0.742189365 -0.470162123 0.050090329
1305031106.311238050 1.203761483 0.373264016 1.429367834 0.475350788 0.742082956 -0.469763218 0.051740056
1305031106.343257904 1.200420717 0.370716328 1.424631735 0.474988383 0.743212237 -0.467934500 0.055307413
1305031106.375387907 1.197643438 0.367217942 1.421425204 0.474294348 0.745529453 -0.464570967 0.058348283
1305031106.411319971 1.192692051 0.360880706 1.425034323 0.471830252 0.752237550 -0.456026968 0.059617841
1305031106.443278074 1.190285176 0.356202619 1.431070952 0.470285536 0.757315069 -0.449469865 0.057290860
1305031106.475344896 1.190393746 0.353374694 1.437374186 0.470827801 0.759117747 -0.446205535 0.054424705
1305031106.511128902 1.189718779 0.355450232 1.441136076 0.469516383 0.759848681 -0.446344838 0.054411712
1305031106.543302059 1.188510832 0.360934456 1.444761592 0.468418574 0.759450902 -0.447969446 0.056051257
1305031106.575282097 1.192571655 0.371503852 1.445976726 0.466140475 0.757909332 -0.452979452 0.055642766
1305031106.611150980 1.195729157 0.377769690 1.450830607 0.465783740 0.756572289 -0.455733263 0.054323762
1305031106.643207073 1.196109313 0.385386358 1.455797957 0.463900464 0.757056467 -0.456713545 0.055449093
1305031106.675278902 1.196570615 0.393311636 1.463591228 0.462099433 0.757845813 -0.457225480 0.055486009
1305031106.711508036 1.198207178 0.403479087 1.468447970 0.460553200 0.756762518 -0.460511933 0.055946420
1305031106.743340969 1.198131091 0.412545161 1.474706841 0.460146227 0.756355589 -0.461147967 0.059449344
1305031106.775389910 1.198194008 0.426633700 1.477036570 0.457989243 0.754673271 -0.465519325 0.063291903
1305031106.811289072 1.199007886 0.438997606 1.481173279 0.456983949 0.752822076 -0.469158467 0.065688078
1305031106.843415976 1.199007886 0.438997606 1.481173279 0.456983949 0.752822076 -0.469158467 0.065688078
1305031106.875905037 1.198620300 0.449477897 1.491474439 0.456981192 0.752252454 -0.469707290 0.068260510
1305031106.911242962 1.205923826 0.465506308 1.499283387 0.453387326 0.751431589 -0.474919544 0.065130066
1305031106.943439007 1.217324826 0.476875520 1.506365159 0.452417876 0.750183347 -0.478465864 0.060111805
1305031106.975547075 1.222282598 0.488219504 1.520315602 0.449523685 0.751869011 -0.479039881 0.056055680
1305031107.011575937 1.231660000 0.500678995 1.535853610 0.449153092 0.751048054 -0.481371316 0.049698868
1305031107.043281078 1.248953281 0.512767623 1.543827463 0.447850143 0.749151348 -0.486321570 0.041156252
1305031107.075432062 1.257318284 0.521352453 1.555907508 0.447640738 0.749994915 -0.485491306 0.037730485
1305031107.111228943 1.262691585 0.531323957 1.568843529 0.448160289 0.748348479 -0.487751902 0.034999888
1305031107.143260002 1.268117575 0.545023660 1.576557452 0.448032847 0.746171721 -0.491279594 0.033744512
1305031107.175399065 1.275935287 0.555050684 1.584252043 0.446941020 0.745940846 -0.492803067 0.031001870
1305031107.211358070 1.276517436 0.565108264 1.597531539 0.447041796 0.746353645 -0.492114550 0.030547325
1305031107.243377924 1.280226071 0.572912244 1.611160413 0.448690408 0.744303992 -0.493875999 0.027838522
1305031107.275398016 1.288706380 0.579400858 1.620775896 0.450638937 0.741673845 -0.496268565 0.023705875
1305031107.311225891 1.294107842 0.586465902 1.631590442 0.451726781 0.739506386 -0.498683632 0.019694079
1305031107.343508959 1.299797056 0.592239702 1.648874935 0.453145067 0.737688909 -0.500274959 0.014127521
1305031107.375412941 1.295476945 0.594442890 1.672598794 0.454354871 0.735469063 -0.502559107 0.009013963
1305031107.411271095 1.305790812 0.600269331 1.680588021 0.456984240 0.731429055 -0.506125389 0.003746049
1305031107.443418980 1.310648401 0.603464509 1.686225374 0.458656832 0.728531276 -0.508798671 -0.000061180
1305031107.475377083 1.310004442 0.603770129 1.693016089 0.459794553 0.727195542 -0.509674492 -0.002743314
1305031107.511352062 1.315171748 0.604754132 1.700368785 0.462279392 0.726532039 -0.508351771 -0.005238027
1305031107.543605089 1.319466206 0.607243430 1.699325487 0.462702560 0.725989288 -0.508726123 -0.006605070
1305031107.575453997 1.319473721 0.607681817 1.696280128 0.463687079 0.725661188 -0.508303180 -0.006165214
1305031107.611270905 1.319258653 0.610311225 1.695934215 0.464295033 0.725324075 -0.508233209 -0.005840717
1305031107.643322945 1.321552934 0.610244397 1.692271046 0.465112913 0.724537375 -0.508605602 -0.005992709
1305031107.675568104 1.323243149 0.609173405 1.684828102 0.465431533 0.723954834 -0.509146058 -0.005760081
1305031107.711307049 1.322870551 0.607258098 1.680968454 0.465915641 0.723386331 -0.509516362 -0.005282794
1305031107.743537903 1.322825316 0.604239737 1.676659373 0.466211933 0.722986354 -0.509815227 -0.005059674
1305031107.775801897 1.324955315 0.601771538 1.668755559 0.466715141 0.722198279 -0.510481187 -0.003947274
1305031107.811595917 1.324275305 0.599870473 1.663806482 0.466242148 0.722130049 -0.511017523 -0.002746383
1305031107.843332052 1.322622136 0.596767525 1.658009187 0.466068543 0.721909466 -0.511490052 -0.002182349
1305031107.875358105 1.322556824 0.594038331 1.654219713 0.466419826 0.721754505 -0.511389499 -0.001939039
1305031107.911540985 1.323207537 0.591360737 1.653040708 0.466211488 0.722075667 -0.511120931 -0.002995568
1305031107.943121910 1.325964055 0.588512965 1.654128967 0.466237766 0.722493050 -0.510484633 -0.005619389
1305031107.975806952 1.329203245 0.586964371 1.656069315 0.466546953 0.722550075 -0.510084855 -0.008292754
1305031108.011320114 1.331178874 0.585582396 1.663754974 0.468650114 0.723175042 -0.507229502 -0.010156806
1305031108.043417931 1.333506392 0.585374581 1.663214145 0.467536164 0.723452588 -0.507734643 -0.015225683
1305031108.075351954 1.342923267 0.580249029 1.667698924 0.473135225 0.721841691 -0.504661619 -0.020106762
1305031108.111377954 1.349073770 0.574640580 1.672490864 0.481076728 0.719555812 -0.500185507 -0.024881180
1305031108.143333912 1.357351060 0.568779938 1.677383679 0.486626045 0.717743478 -0.497167037 -0.029399494
1305031108.176058054 1.356166779 0.569819450 1.674563756 0.487266527 0.717313865 -0.497095216 -0.030471251
1305031108.211474895 1.356044818 0.567600784 1.667466032 0.488407898 0.716488235 -0.497146224 -0.030789050
1305031108.243346930 1.356424235 0.572515610 1.660482374 0.489178811 0.716709406 -0.496196987 -0.028640320
1305031108.275357962 1.352720528 0.573104980 1.656816986 0.488780372 0.716970179 -0.496178626 -0.029228107
1305031108.311331987 1.352314114 0.571673252 1.653202160 0.489374947 0.716729219 -0.495860672 -0.030554566
1305031108.343277931 1.353604974 0.574687865 1.645038350 0.490464616 0.716309922 -0.495508190 -0.028569030
1305031108.375410080 1.348440875 0.576854598 1.644275991 0.491132940 0.718808729 -0.491466483 -0.023730630
1305031108.411360979 1.340798691 0.582325409 1.636488017 0.493546407 0.717871791 -0.490739919 -0.015696065
1305031108.443609953 1.332854883 0.586355584 1.630595460 0.496226653 0.716834784 -0.489739133 -0.007910954
1305031108.475471020 1.324679557 0.589701209 1.625448939 0.499012791 0.715651743 -0.488700051 -0.001037716
1305031108.511378050 1.316369955 0.594842772 1.622974809 0.501881543 0.714594233 -0.487277241 0.005557778
1305031108.543736935 1.313192532 0.597941373 1.622906256 0.504146688 0.713576958 -0.486420953 0.006220789
1305031108.575413942 1.321108753 0.592718662 1.623568907 0.510589919 0.709372551 -0.485889404 0.000073547
1305031108.611407042 1.328137815 0.590834368 1.620946172 0.512108994 0.707932971 -0.486367181 -0.004717341
1305031108.643302917 1.327745573 0.591924399 1.618181295 0.514481797 0.706845168 -0.485430933 -0.005932808
1305031108.675374985 1.329896191 0.585890925 1.618809937 0.518787083 0.705511183 -0.482737557 -0.008853440
1305031108.711410999 1.327995777 0.583428760 1.615419441 0.522629740 0.704200771 -0.480494705 -0.009179766
1305031108.743501902 1.326846719 0.578180383 1.622240412 0.532411948 0.701909229 -0.473079436 -0.007536524
1305031108.775492907 1.325387903 0.575764056 1.622165939 0.535592459 0.700715130 -0.471249703 -0.007920987
1305031108.811244011 1.325345047 0.573503480 1.621372276 0.538739237 0.699474458 -0.469490442 -0.008616361
1305031108.843264103 1.322961114 0.572650983 1.620963222 0.541642562 0.698192594 -0.468064830 -0.008108796
1305031108.943243027 1.318987302 0.583779915 1.619261672 0.545634386 0.692191111 -0.472390802 -0.001230075
1305031108.975267887 1.318987302 0.583779915 1.619261672 0.545634386 0.692191111 -0.472390802 -0.001230075
1305031109.011269093 1.323130787 0.587879693 1.616943367 0.542808664 0.691929553 -0.476015491 -0.001225042
1305031109.043277025 1.320709164 0.591907220 1.615903917 0.540589841 0.692815062 -0.477251854 0.000763434
1305031109.075409889 1.326541957 0.590735640 1.617207475 0.539508740 0.693240331 -0.477855565 -0.001490494
1305031109.111282110 1.328368419 0.593329557 1.613069081 0.536537305 0.694098125 -0.479953358 -0.000536851
1305031109.143333912 1.323200416 0.593628157 1.617716720 0.532537088 0.698871118 -0.477475342 0.000841036
1305031109.175463915 1.323837589 0.595721422 1.617165434 0.530802144 0.699225551 -0.478882564 0.002049918
1305031109.211379051 1.324799914 0.601274585 1.609123444 0.524724117 0.700820805 -0.483215297 0.004216342
1305031109.243289948 1.328258594 0.603796318 1.601514800 0.524464425 0.700233427 -0.484278326 0.009204194
1305031109.275307894 1.322948980 0.605477308 1.604243711 0.525131177 0.702484261 -0.480075501 0.016751823
1305031109.311328888 1.320455326 0.607331294 1.606810505 0.525303649 0.702244011 -0.480093082 0.020495301
1305031109.343247890 1.319639624 0.611571653 1.604622361 0.521236880 0.702468032 -0.484004969 0.024289281
1305031109.375396967 1.317059719 0.615515742 1.599686016 0.516953747 0.703696012 -0.486566582 0.028700299
1305031109.411329031 1.315276813 0.618852103 1.596472763 0.513527626 0.704520860 -0.488763523 0.032402992
1305031109.443301916 1.314749705 0.619627601 1.596485665 0.511443452 0.705258078 -0.489780870 0.033931377
1305031109.475363016 1.313368239 0.618599238 1.599248088 0.505839248 0.710220562 -0.488412085 0.034162022
1305031109.511272907 1.312446656 0.615635217 1.603760411 0.503985060 0.712783194 -0.486611708 0.033885453
1305031109.543293953 1.315379421 0.614753694 1.608130330 0.502627241 0.713609268 -0.486863724 0.033036101
1305031109.575361967 1.318329823 0.616454867 1.610363233 0.501199462 0.713918153 -0.487932832 0.032272611
1305031109.611310005 1.321828624 0.613920150 1.613957071 0.500877031 0.714376670 -0.487659539 0.031246558
1305031109.643229008 1.324732949 0.611690616 1.615129544 0.500119109 0.714641285 -0.488087717 0.030644593
1305031109.675262928 1.326516510 0.610219341 1.614520985 0.499435100 0.714705650 -0.488690142 0.030697872
1305031109.711312056 1.328517808 0.606827428 1.614668883 0.500224632 0.714371390 -0.488314667 0.031585130
1305031109.743273973 1.332651579 0.601857720 1.610221665 0.498546468 0.714661084 -0.489676249 0.030465140
1305031109.775276899 1.331104315 0.603566441 1.609481706 0.494567049 0.718375999 -0.488170124 0.032082524
1305031109.811371088 1.332307439 0.597860040 1.607514358 0.494164473 0.718592447 -0.488271690 0.031892397
1305031109.843296051 1.334696249 0.591041537 1.606872396 0.494054469 0.718923242 -0.487943019 0.031163509
1305031109.875305891 1.333491049 0.584203559 1.606584045 0.493854395 0.719814582 -0.486770887 0.032076586
1305031109.911264896 1.331701600 0.579529088 1.604480468 0.491901861 0.721363021 -0.486377562 0.033238817
1305031109.943299055 1.327352348 0.576990731 1.603399824 0.488790084 0.722901825 -0.487119474 0.034811252
1305031109.975258112 1.326542847 0.569990563 1.601849608 0.485866497 0.725310063 -0.486523825 0.033965076
1305031110.011255980 1.318952505 0.567190162 1.606959432 0.481046307 0.731287741 -0.482186883 0.036173204
1305031110.043298960 1.313009948 0.564036070 1.608354118 0.475827087 0.735779934 -0.480479973 0.036816672
1305031110.075319052 1.310098292 0.558210392 1.610206717 0.471542994 0.740121955 -0.478092500 0.035975786
1305031110.111325026 1.306976162 0.554673984 1.611448722 0.467216012 0.744242742 -0.475915034 0.036288008
1305031110.143431902 1.296187867 0.551610425 1.615526878 0.462808461 0.749402154 -0.471790417 0.040231112
1305031110.175641060 1.292032545 0.546543537 1.615724058 0.461327981 0.750135443 -0.471899737 0.042236825
1305031110.211637020 1.291329592 0.541165200 1.613233954 0.459566050 0.750833322 -0.472385105 0.043596805
1305031110.243323088 1.287534450 0.533301460 1.616850798 0.460576267 0.751671872 -0.469831058 0.046018224
1305031110.279320955 1.284958394 0.535210328 1.616767279 0.459116239 0.751507764 -0.471202618 0.049157418
1305031110.311403990 1.285164765 0.539966202 1.615497021 0.456402646 0.751562104 -0.473596983 0.050566058
1305031110.343354940 1.286542241 0.544830269 1.613415113 0.453384972 0.751393064 -0.476649672 0.051532714
1305031110.379281044 1.288916229 0.546703625 1.612691091 0.451798576 0.751107924 -0.478457002 0.052856695
1305031110.411468983 1.286947577 0.550726508 1.610884320 0.447881356 0.751809358 -0.480833658 0.054625768
1305031110.443259954 1.292031109 0.548676188 1.607334460 0.444711472 0.752198865 -0.483298582 0.053395274
1305031110.479331017 1.290746421 0.535760805 1.608110929 0.442719537 0.754025374 -0.482229189 0.053853098
1305031110.511429071 1.288525943 0.527891492 1.611950438 0.440855290 0.755427298 -0.481653632 0.054644205
1305031110.543407917 1.287100573 0.527330934 1.609997004 0.437660488 0.756094251 -0.483428251 0.055424792
1305031110.579426050 1.291804917 0.519903737 1.605647240 0.435814602 0.756249276 -0.484975265 0.054329163
1305031110.611306906 1.284773986 0.523148986 1.603117436 0.427708736 0.761516330 -0.483613050 0.057241009
1305031110.643418074 1.279327797 0.513201119 1.607136006 0.426661256 0.763358392 -0.481530419 0.058074030
1305031110.679605961 1.282914980 0.514749635 1.607410280 0.424955841 0.763643051 -0.482733364 0.056835926
1305031110.711411953 1.287843900 0.508778791 1.605436219 0.424460289 0.763630652 -0.483367426 0.055295771
1305031110.743248940 1.284576877 0.497899795 1.609495978 0.425631862 0.764316696 -0.481154481 0.056105887
1305031110.779192924 1.284168492 0.495971386 1.611693296 0.425460848 0.764663036 -0.480738885 0.056246182
1305031110.811386108 1.285305809 0.495466834 1.610993157 0.424862669 0.764773901 -0.481145462 0.055782044
1305031110.843218088 1.287437274 0.489187427 1.611483479 0.424912774 0.765133741 -0.480681512 0.054449770
1305031110.879312992 1.284530365 0.485168472 1.613736099 0.425317466 0.765495349 -0.479648564 0.055309848
1305031110.911333084 1.284200863 0.488165227 1.612818524 0.424866872 0.765411686 -0.480121151 0.055828066
1305031110.943861961 1.282883299 0.487289696 1.611883943 0.424784306 0.765422109 -0.480116666 0.056349584
1305031110.979345083 1.282208221 0.490108529 1.610132674 0.424457892 0.765255365 -0.480604089 0.056916022
1305031111.011430979 1.283330677 0.486932741 1.606921578 0.424860772 0.765062701 -0.480639508 0.056196541
1305031111.043327093 1.282895687 0.479209768 1.612986838 0.430704667 0.764456933 -0.476354092 0.056443475
1305031111.079282999 1.283379409 0.478368944 1.612951843 0.432216963 0.764207443 -0.475420441 0.056132747
1305031111.111507893 1.278627728 0.474148892 1.613186150 0.435161442 0.763763060 -0.473204402 0.058121439
1305031111.143256903 1.272566098 0.476604665 1.612368258 0.436175940 0.763583542 -0.472286989 0.060296954
1305031111.179326057 1.272357621 0.482590341 1.611453660 0.436159758 0.763332203 -0.472683960 0.060485433
1305031111.211432934 1.270622068 0.488998820 1.609422985 0.436500332 0.763029366 -0.472837760 0.060647346
1305031111.243236065 1.269674083 0.489513771 1.609289124 0.437714476 0.762996245 -0.471850773 0.059996795
1305031111.279308081 1.265922635 0.493803312 1.610621424 0.438610176 0.762801549 -0.471125228 0.061611121
1305031111.311547041 1.264575942 0.510228175 1.606339828 0.437084852 0.761895744 -0.473936392 0.062096729
1305031111.343396902 1.266827111 0.516931542 1.601067856 0.437834505 0.760697181 -0.475154438 0.062201319
1305031111.379133940 1.257489069 0.515630342 1.603652728 0.439567733 0.761071723 -0.472390858 0.066309255
1305031111.411295891 1.248359813 0.531912686 1.598951919 0.438331636 0.760281329 -0.474152940 0.070828430
1305031111.443386078 1.252560511 0.540536806 1.596424902 0.438534670 0.758698495 -0.476589690 0.070186921
1305031111.479259014 1.250755065 0.544904614 1.593789040 0.436973736 0.758953113 -0.477619578 0.070168842
1305031111.511264086 1.250789819 0.551756968 1.593947118 0.438081807 0.758827552 -0.477075333 0.068294970
1305031111.543250084 1.258250604 0.553793856 1.601948645 0.444678248 0.758024252 -0.473018608 0.062561054
1305031111.579236984 1.256958959 0.564496721 1.601782139 0.444102815 0.757818380 -0.474035507 0.061435584
1305031111.611270905 1.259123934 0.573347506 1.598892412 0.444804129 0.757062616 -0.474726677 0.060332947
1305031111.643394947 1.250886503 0.579668543 1.600693782 0.447777721 0.756299235 -0.472521492 0.065038604
1305031111.679320097 1.247678737 0.589034996 1.600406897 0.453056360 0.751553578 -0.474548557 0.068635426
1305031111.711760044 1.259405031 0.592339826 1.597942320 0.465029733 0.745248708 -0.473608709 0.063612123
1305031111.743386030 1.265399646 0.587271891 1.605493557 0.469472247 0.745439379 -0.469609498 0.058162369
1305031111.779422998 1.273931320 0.583260655 1.613208439 0.480864112 0.741647113 -0.464973068 0.050292261
1305031111.811405897 1.298982449 0.574855066 1.623672333 0.496292942 0.737121151 -0.457072651 0.037819516
1305031111.843298912 1.312051393 0.568871924 1.634392549 0.508845015 0.733539373 -0.449496292 0.030819200
1305031111.879441977 1.319180590 0.572291195 1.630877354 0.510261730 0.731904055 -0.450814441 0.026753711
1305031111.911354065 1.319388768 0.572070774 1.630424097 0.511978210 0.731333003 -0.449824631 0.026232672
1305031111.943300009 1.314795508 0.580705513 1.628107419 0.513221740 0.729611680 -0.450939535 0.030393702
1305031111.979449034 1.310820853 0.588586979 1.621975731 0.517044435 0.724772718 -0.453947546 0.036071936
1305031112.011432886 1.310960451 0.597130423 1.617021314 0.518826127 0.722580661 -0.455254699 0.037944664
1305031112.043270111 1.315019659 0.596513122 1.621338059 0.520087513 0.722774077 -0.453870917 0.033283681
1305031112.079339027 1.320034676 0.598549820 1.621664431 0.520450132 0.722519498 -0.454198053 0.028308377
1305031112.111423016 1.325488569 0.593824703 1.627377842 0.525782735 0.721655483 -0.449772992 0.021682599
1305031112.144341946 1.327610594 0.591443090 1.629224250 0.526529908 0.721947097 -0.448610193 0.017536822
1305031112.179389954 1.330636817 0.590306694 1.628919278 0.526468354 0.722914353 -0.447263801 0.013453699
1305031112.211253881 1.333813153 0.583539184 1.635987427 0.528596686 0.725409403 -0.440801017 0.007823328
1305031112.243369102 1.333287060 0.576714167 1.645671022 0.532203460 0.726113008 -0.435331799 0.002366688
1305031112.279352903 1.336268440 0.572664856 1.650703341 0.535633341 0.724678564 -0.433483850 -0.005445654
1305031112.311311960 1.338108897 0.570038360 1.654682237 0.536828044 0.724189897 -0.432712320 -0.011166597
1305031112.343322992 1.339937126 0.572484211 1.653736803 0.539394133 0.720585729 -0.435462885 -0.013500092
1305031112.379359961 1.341618576 0.575072135 1.650590595 0.541155514 0.717201030 -0.438797757 -0.015163138
1305031112.411442041 1.341450105 0.578245311 1.647493249 0.543848942 0.713775715 -0.441087760 -0.013933608
1305031112.443391085 1.339258294 0.583285464 1.646116050 0.544542129 0.712771491 -0.441908044 -0.012163564
1305031112.479418039 1.336878332 0.585199227 1.645917750 0.547292091 0.710518426 -0.442170836 -0.010949206
1305031112.511503935 1.336797704 0.587431129 1.645390398 0.550621898 0.707556182 -0.442824268 -0.009297500
1305031112.543211937 1.332588737 0.589923500 1.644601136 0.551437585 0.706517300 -0.443502112 -0.007468080
1305031112.579252005 1.332215186 0.591888538 1.644733448 0.552300146 0.705452759 -0.444137757 -0.006527360
1305031112.611260891 1.330223875 0.594958824 1.643446389 0.553396105 0.704180696 -0.444815055 -0.004676049
1305031112.643245935 1.327992198 0.596375569 1.640214633 0.554839072 0.703319739 -0.444385128 -0.004099614
1305031112.679951906 1.327104603 0.587775505 1.643385464 0.563286857 0.700308392 -0.438459736 -0.005397512
1305031112.711251020 1.324650044 0.585760212 1.641726449 0.566050973 0.699261601 -0.436559883 -0.005914186
1305031112.743244886 1.325432392 0.582075565 1.639163542 0.568483003 0.698099451 -0.435234904 -0.007403393
1305031112.779309988 1.325719735 0.579322085 1.641235126 0.572597777 0.698192575 -0.429694339 -0.004657194
1305031112.811310053 1.317834307 0.577281949 1.647817565 0.575737129 0.699801457 -0.422852956 0.000237390
1305031112.843286037 1.316636295 0.575455409 1.646348791 0.575353486 0.700101621 -0.422877990 0.000539870
1305031112.879420996 1.314975596 0.580218571 1.637479874 0.571694513 0.700826200 -0.426607327 0.003769602
1305031112.911411047 1.312251842 0.581975485 1.636926772 0.571103234 0.702141276 -0.425191785 0.007118389
1305031112.943320990 1.312251842 0.581975485 1.636926772 0.571103234 0.702141276 -0.425191785 0.007118389
1305031112.979278088 1.309485966 0.586462715 1.634462125 0.567395787 0.703890349 -0.427194370 0.010264878
1305031113.011353016 1.307862015 0.590560032 1.631904655 0.563962690 0.705173058 -0.429550426 0.012785689
1305031113.043231010 1.308107840 0.593240860 1.628460801 0.561673850 0.705896176 -0.431313029 0.014217800
1305031113.079251051 1.308026496 0.594404369 1.628239369 0.560624782 0.706867794 -0.431029008 0.015867249
1305031113.111315966 1.307948376 0.597276479 1.629725458 0.557608198 0.708161615 -0.432787870 0.016579651
1305031113.143306017 1.314844380 0.599600250 1.624485553 0.552992957 0.708749014 -0.437771752 0.015149836
1305031113.179342985 1.316425266 0.599873097 1.622116299 0.550818865 0.709720275 -0.438906706 0.016019177
1305031113.211258888 1.315422174 0.599569697 1.624827093 0.550674259 0.709890955 -0.438730170 0.018125414
1305031113.243227005 1.319451201 0.603156272 1.622892566 0.549139288 0.708783260 -0.442345432 0.020071160
1305031113.279311895 1.318390518 0.607043825 1.619903173 0.547291887 0.709003240 -0.444088110 0.023911240
1305031113.311451912 1.314187791 0.612394263 1.619530641 0.544624039 0.709387841 -0.446487760 0.028323609
1305031113.343251944 1.314535600 0.616848512 1.619459370 0.544370773 0.706101872 -0.451768456 0.031398574
1305031113.379312038 1.314305919 0.622290202 1.613370367 0.540531773 0.704980614 -0.457849168 0.034668073
1305031113.411624908 1.311915947 0.622247825 1.609151691 0.536258906 0.706364939 -0.460502608 0.037580678
1305031113.443265915 1.308101337 0.626014027 1.609982102 0.531600461 0.707805543 -0.463391348 0.040996593
1305031113.479310989 1.307976941 0.625678300 1.605328038 0.525394063 0.709808173 -0.467337071 0.041587235
1305031113.511523008 1.304038979 0.627100956 1.602928650 0.517584628 0.714690547 -0.468411978 0.043746940
1305031113.543241978 1.298665726 0.624794443 1.603359440 0.515078206 0.716564115 -0.467983687 0.047133630
1305031113.579301119 1.296744433 0.623512951 1.602890967 0.512539402 0.717343611 -0.469388810 0.048945380
1305031113.611268044 1.292269464 0.623569293 1.598652977 0.507420751 0.719113687 -0.472043920 0.050736821
1305031113.643222094 1.293296319 0.626914552 1.592586277 0.499311306 0.723096275 -0.474712309 0.049681192
1305031113.679287910 1.292668148 0.620577753 1.596209118 0.496921598 0.725979559 -0.472996897 0.047922236
1305031113.711930990 1.294252347 0.614799165 1.599200884 0.495154471 0.727843881 -0.472204563 0.045696666
1305031113.743590117 1.296284114 0.609732084 1.602635952 0.493051003 0.729793326 -0.471685711 0.042602817
1305031113.779320002 1.298614661 0.603788077 1.605798670 0.491795762 0.731203621 -0.471074357 0.039587162
1305031113.811237097 1.302095362 0.597710441 1.609688215 0.491240967 0.731983953 -0.470660944 0.036879288
1305031113.843295097 1.303480509 0.595640297 1.610488527 0.490438032 0.732363308 -0.470976364 0.035997029
1305031113.879281044 1.305569681 0.587736699 1.613639516 0.489089947 0.734231638 -0.469680256 0.033096558
1305031113.911289930 1.306341144 0.587934619 1.615003356 0.487722801 0.734352451 -0.470935953 0.032745609
1305031113.943290949 1.308490955 0.591375085 1.615889256 0.487210003 0.734027214 -0.471927213 0.033394122
1305031113.979293108 1.312624786 0.589750093 1.619049305 0.486886653 0.734233086 -0.472079350 0.031372749
1305031114.011256933 1.316569892 0.586365740 1.622822648 0.485117580 0.735158952 -0.472672099 0.027988137
1305031114.043301105 1.318532282 0.585611721 1.624918079 0.483973206 0.735400507 -0.473500832 0.027440702
1305031114.079284906 1.317222413 0.588750792 1.625025360 0.481700450 0.735612774 -0.475358463 0.029544131
1305031114.111263037 1.316490019 0.594655613 1.622899757 0.478865461 0.735138793 -0.478741996 0.032633214
1305031114.143284082 1.316367942 0.596306531 1.618098642 0.474056249 0.735700822 -0.482566399 0.033832598
1305031114.179337025 1.316642063 0.594886195 1.617634074 0.471705417 0.736148971 -0.484143421 0.034406977
1305031114.211302996 1.316886163 0.598641376 1.618815327 0.470022699 0.736318654 -0.485512405 0.034513856
1305031114.243336916 1.322018793 0.591296325 1.619444896 0.468975258 0.736979164 -0.485673155 0.032334267
1305031114.279390097 1.321326414 0.583609123 1.619310363 0.466536454 0.737972424 -0.486479891 0.032829167
1305031114.311429024 1.316439117 0.584598041 1.616599090 0.462060402 0.738659619 -0.489436102 0.036530178
1305031114.343331099 1.309801596 0.586005520 1.607506915 0.455823656 0.739401875 -0.493839620 0.040399158
1305031114.379319906 1.309763152 0.580028165 1.607030765 0.452672898 0.740582251 -0.495013867 0.039830257
1305031114.411396980 1.311929726 0.574679585 1.608426500 0.450944932 0.741440169 -0.495405601 0.038580239
1305031114.443345070 1.313263731 0.569997476 1.611982323 0.449897284 0.742109823 -0.495403242 0.037961455
1305031114.479331970 1.310075355 0.569357204 1.610080599 0.446884304 0.742721170 -0.497088005 0.039537302
1305031114.511265993 1.306822535 0.572595476 1.603400576 0.441506820 0.742978388 -0.501246880 0.042501857
1305031114.543236017 1.304036449 0.570421497 1.596005322 0.435203823 0.744130471 -0.504943797 0.043580230
1305031114.579236984 1.299889837 0.566503426 1.594035076 0.434264806 0.744513941 -0.505057606 0.045054240
1305031114.611391068 1.298806412 0.564531362 1.593163276 0.434556158 0.744348451 -0.504969769 0.045954996
1305031114.644135952 1.300435861 0.555406078 1.589697093 0.435284772 0.744113998 -0.504694426 0.045880954
1305031114.679250956 1.296793415 0.546214220 1.591115085 0.435208842 0.745348114 -0.502788333 0.047469418
1305031114.711306095 1.289197286 0.546977155 1.589177770 0.432779229 0.746009054 -0.503612530 0.050468307
1305031114.743200064 1.286664977 0.552821401 1.585959691 0.430768436 0.746038513 -0.505144199 0.051907895
1305031114.779289007 1.289285131 0.555520809 1.587309539 0.429150318 0.746537454 -0.505880750 0.050955866
1305031114.811302900 1.294703383 0.559668938 1.587591129 0.428263354 0.746586429 -0.506712770 0.049410260
1305031114.843208075 1.295297346 0.556121292 1.587926863 0.428440210 0.746778111 -0.506323161 0.048972395
1305031114.879281044 1.296602219 0.556516677 1.586590485 0.427872442 0.746808621 -0.506799320 0.048543865
1305031114.912878990 1.295920397 0.556405272 1.583983210 0.427989347 0.746554009 -0.507042778 0.048886105
1305031114.943233967 1.297719455 0.552091734 1.580549456 0.427845061 0.746610027 -0.507184862 0.047807815
1305031114.979279995 1.297767922 0.541506834 1.578133127 0.428334925 0.747018679 -0.506304024 0.046352146
1305031115.011300087 1.299780545 0.529939386 1.575427055 0.429321299 0.747322301 -0.505182279 0.044536113
1305031115.043508053 1.301492645 0.539025913 1.572904144 0.428569248 0.750462728 -0.500888343 0.047381033
1305031115.079237938 1.297206798 0.529297555 1.572215575 0.430153656 0.750972138 -0.498772118 0.047276354
1305031115.111229897 1.297469062 0.518596924 1.569590491 0.431953390 0.751040327 -0.497275600 0.045515639
1305031115.143275023 1.295861046 0.505739107 1.572250127 0.436974095 0.750985800 -0.493080595 0.044107759
1305031115.179440022 1.298524802 0.495042465 1.579064346 0.444179893 0.750445067 -0.487667517 0.041434493
1305031115.211374044 1.292020428 0.491873060 1.579865742 0.446103121 0.750653267 -0.485429090 0.043246699
1305031115.243297100 1.284102874 0.500430095 1.576826073 0.446941767 0.750133982 -0.485189488 0.046186866
1305031115.279966116 1.284935172 0.510438588 1.573198607 0.449133507 0.747928555 -0.486526260 0.046627972
1305031115.311703920 1.279643027 0.516688450 1.566864360 0.450673796 0.746781517 -0.486579337 0.049508020
1305031115.343235016 1.272468180 0.525878471 1.565502362 0.452395545 0.746292156 -0.485529285 0.051454854
1305031115.379165888 1.272322029 0.536412380 1.558387761 0.458245351 0.745021157 -0.482531718 0.046019732
1305031115.411237001 1.266900773 0.533532260 1.556252436 0.460852661 0.745888832 -0.478225076 0.050650294
1305031115.443159103 1.262053545 0.537546580 1.551501317 0.463409435 0.744981620 -0.476422275 0.057235451
1305031115.479240894 1.254714023 0.538598985 1.545628662 0.465424540 0.744063292 -0.475389857 0.061272336
1305031115.511253119 1.248988139 0.538600215 1.541006839 0.468292378 0.743244662 -0.473284164 0.065511237
1305031115.543603897 1.242774034 0.537919144 1.541019097 0.472802985 0.742439951 -0.469822119 0.067137417
1305031115.579314947 1.229838321 0.559483949 1.527158523 0.477611116 0.742364085 -0.465881085 0.061139202
1305031115.611423969 1.232366344 0.559059810 1.531277490 0.481755277 0.742065876 -0.462527665 0.057604243
1305031115.643254042 1.232800089 0.564082214 1.531484368 0.484418117 0.740942663 -0.461617023 0.057033168
1305031115.679240942 1.238436017 0.567031318 1.533212802 0.488610913 0.738815792 -0.460919684 0.054439383
1305031115.711319923 1.240439460 0.575267650 1.528356449 0.493340305 0.733845328 -0.463462337 0.057350150
1305031115.743249893 1.243853033 0.581522200 1.522819098 0.496774747 0.730389662 -0.465130010 0.058308368
1305031115.779424906 1.245544856 0.585184783 1.522612175 0.498317202 0.729937827 -0.464462558 0.056082684
1305031115.811276913 1.246900610 0.592198933 1.519683448 0.499075499 0.729088417 -0.465086571 0.055210577
1305031115.843224049 1.250280866 0.593658090 1.517368768 0.502145137 0.727695969 -0.464183098 0.053318761
1305031115.879198074 1.250956693 0.591386728 1.520084586 0.508542205 0.726211775 -0.459646402 0.052215605
1305031115.911118031 1.246912187 0.599656663 1.516883105 0.510113078 0.724441668 -0.460377301 0.054969619
1305031115.943310976 1.246740936 0.606649169 1.510226438 0.509889222 0.723229968 -0.462469991 0.055433759
1305031115.980740070 1.248357566 0.605854631 1.506167423 0.513122097 0.721466264 -0.461809891 0.054071890
1305031116.011379004 1.248267835 0.606488801 1.500276842 0.513627276 0.721096031 -0.461982487 0.052723029
1305031116.043164015 1.250517494 0.607235961 1.493202045 0.512596746 0.722053285 -0.462024759 0.049160467
1305031116.080029964 1.254495981 0.604967598 1.489499332 0.512700185 0.723638008 -0.459892773 0.044555475
1305031116.111299992 1.255158924 0.602461963 1.486987664 0.514830634 0.724847260 -0.455703940 0.043356508
1305031116.143440962 1.257773805 0.596996491 1.484890715 0.515454707 0.726874297 -0.452103220 0.039533287
1305031116.179572105 1.258918184 0.593414833 1.483679889 0.518089546 0.726798111 -0.449359784 0.037729463
1305031116.211298943 1.259777371 0.591058258 1.480519806 0.520194895 0.725947583 -0.448388442 0.036676742
1305031116.243319988 1.259028227 0.590001971 1.477960316 0.523118747 0.724996436 -0.446481307 0.037167019
1305031116.279385090 1.259725138 0.588289194 1.477900578 0.524907627 0.724595955 -0.445142669 0.035786713
1305031116.311336040 1.261992617 0.586068245 1.478337627 0.528463164 0.723646963 -0.442664765 0.033311603
1305031116.343291998 1.262414880 0.585893048 1.477687817 0.530359742 0.723075788 -0.441363536 0.032835629
1305031116.379384041 1.262956536 0.588904132 1.478636231 0.530891269 0.722536623 -0.441627694 0.032561758
1305031116.411333084 1.263246657 0.590316837 1.481520788 0.531672703 0.721569409 -0.442347260 0.031474226
1305031116.443368912 1.262866278 0.592953535 1.480054690 0.532773493 0.720297137 -0.442989024 0.032941825
1305031116.479850054 1.261189063 0.594400630 1.479547830 0.534322810 0.719680065 -0.441931302 0.035446619
1305031116.511204958 1.262261228 0.595438651 1.482195607 0.534949929 0.719312745 -0.441794366 0.035149473
1305031116.543262005 1.263971648 0.595574432 1.485289794 0.534331042 0.719824969 -0.441832165 0.033566194
1305031116.579313040 1.265870903 0.594965713 1.488004990 0.534246645 0.720056600 -0.441633464 0.032540738
1305031116.611260891 1.267035458 0.594978865 1.489834515 0.533022217 0.721052974 -0.441514422 0.032170495
1305031116.643354893 1.267377007 0.593320629 1.494309838 0.530858795 0.723170165 -0.440725801 0.031218917
1305031116.679280996 1.267123049 0.592093456 1.497577562 0.529395080 0.724182791 -0.440820279 0.031266865
1305031116.711633921 1.267440797 0.592058452 1.501500574 0.525818667 0.726838425 -0.440721065 0.031393887
1305031116.743290901 1.266833728 0.591672521 1.505061097 0.521779464 0.730100440 -0.440179620 0.030682907
1305031116.779298067 1.266157011 0.592265308 1.507451994 0.516755474 0.733870417 -0.439852323 0.030461849
1305031116.811317921 1.264991979 0.591228196 1.512158548 0.511266673 0.738607626 -0.438351630 0.030216093
1305031116.846088886 1.265939864 0.591382992 1.516046967 0.506545782 0.741626185 -0.438763549 0.029808057
1305031116.880165100 1.264281186 0.594999472 1.515568414 0.501473413 0.743222322 -0.441675093 0.032681923
1305031116.912044048 1.261214105 0.598049979 1.514706830 0.495748538 0.745606420 -0.443850999 0.036065820
1305031116.943295956 1.258852246 0.604700724 1.510538699 0.489765550 0.746818387 -0.448087025 0.040125068
1305031116.979351044 1.255380974 0.605286098 1.509576071 0.484806294 0.748420925 -0.450508739 0.043253359
1305031117.011382103 1.253400767 0.607213940 1.505796747 0.472476938 0.752453069 -0.456758034 0.044181671
1305031117.043261051 1.250430203 0.611957855 1.499220755 0.461852645 0.754745683 -0.463460288 0.047493684
1305031117.079519987 1.250564474 0.609221486 1.497994798 0.458652207 0.755672050 -0.464911546 0.049549578
1305031117.111238003 1.246588037 0.606113492 1.497097264 0.456584743 0.756491859 -0.465255335 0.052800684
1305031117.143218040 1.246588037 0.606113492 1.497097264 0.456584743 0.756491859 -0.465255335 0.052800684
1305031117.179264069 1.240040192 0.608013855 1.492764746 0.453240499 0.757260472 -0.466619294 0.058275747
1305031117.211360931 1.240040192 0.608013855 1.492764746 0.453240499 0.757260472 -0.466619294 0.058275747
1305031117.243277073 1.238237232 0.607239181 1.487625918 0.450830501 0.757363383 -0.468487930 0.060593943
1305031117.279299021 1.235230939 0.603294915 1.488842571 0.448334767 0.760812571 -0.465226067 0.061031762
1305031117.311199903 1.230553893 0.598253430 1.494043663 0.445839500 0.765315933 -0.460262244 0.060640983
1305031117.343242884 1.225377472 0.592745915 1.499861119 0.445985086 0.767496362 -0.456362956 0.061477557
1305031117.379453897 1.222808811 0.592684326 1.501380316 0.445809896 0.767862823 -0.455746758 0.062730492
1305031117.411221027 1.225278408 0.594235349 1.503042483 0.446140292 0.767340346 -0.456407841 0.061963827
1305031117.443274021 1.229564105 0.596813304 1.502683260 0.447674883 0.764696513 -0.459402187 0.061449765
1305031117.479403019 1.226866744 0.604172267 1.502732451 0.446218599 0.764019888 -0.461719956 0.063065473
1305031117.511324883 1.223338657 0.609088818 1.505385453 0.446169717 0.763108741 -0.462945355 0.065415832
1305031117.544285059 1.221520341 0.615673399 1.505317047 0.446829583 0.760278021 -0.466813961 0.066373036
1305031117.579154968 1.224686234 0.617496115 1.507391068 0.447861371 0.757885599 -0.470028934 0.064050070
1305031117.611159086 1.224295157 0.623148614 1.508324297 0.446510903 0.757370918 -0.472046680 0.064724326
1305031117.643251896 1.222080747 0.626956846 1.510498612 0.446197624 0.756884557 -0.472962061 0.065881228
1305031117.679261923 1.220504737 0.630034679 1.511172884 0.446717238 0.755180981 -0.475061279 0.066799528
1305031117.711184025 1.214390757 0.633938237 1.513686589 0.446178169 0.755415237 -0.474772000 0.069745316
1305031117.743184090 1.209326200 0.638966620 1.515247655 0.446601913 0.754643160 -0.475088754 0.073151261
1305031117.779467106 1.202505213 0.645746533 1.516591199 0.445955535 0.754161117 -0.475862750 0.076937075
1305031117.811320066 1.200079919 0.649782916 1.517706090 0.445779783 0.753806136 -0.476287851 0.078781828
1305031117.843291044 1.191687875 0.656434455 1.519465138 0.444991407 0.753830569 -0.476364498 0.082455965
1305031117.879451036 1.193368080 0.658188059 1.522321608 0.445699357 0.752952077 -0.477343329 0.080985180
1305031117.911406994 1.192726321 0.657651696 1.526963250 0.445695403 0.753617206 -0.476509975 0.079717990
1305031117.943253040 1.189883520 0.658809185 1.530917882 0.445104829 0.754123163 -0.476331418 0.079298968
1305031117.979228020 1.191464197 0.657273255 1.532981416 0.444927229 0.754356140 -0.476491470 0.077087309
1305031118.011228085 1.186413025 0.651722420 1.538323210 0.445926988 0.755314895 -0.473881808 0.078003606
1305031118.043520927 1.183303448 0.650553796 1.542934493 0.446540727 0.755586575 -0.472751116 0.078719054
1305031118.079334021 1.179573156 0.651668430 1.544979494 0.444998897 0.756336046 -0.473099018 0.078160643
1305031118.111217022 1.177579455 0.649215743 1.549035535 0.444878899 0.756965402 -0.472418478 0.076856531
1305031118.143255949 1.175431839 0.645978614 1.554964323 0.444167070 0.758306106 -0.471396766 0.073976702
1305031118.179322958 1.173728509 0.645964125 1.558151387 0.443320025 0.759150431 -0.471161477 0.071866830
1305031118.211201906 1.170264985 0.644913470 1.566449853 0.443205709 0.760245313 -0.469761190 0.070144051
1305031118.243172884 1.166399907 0.641673924 1.571064138 0.445832733 0.757873979 -0.471154528 0.069811295
1305031118.279194117 1.160170277 0.638019271 1.575889137 0.447698238 0.755732176 -0.472722240 0.070490071
1305031118.311299086 1.151175267 0.636599243 1.580522984 0.449261473 0.753347035 -0.474940301 0.071162380
1305031118.343323946 1.145417853 0.635311533 1.583490861 0.451018681 0.750281887 -0.478153964 0.070908575
1305031118.379208088 1.145980119 0.632235607 1.582946827 0.451655969 0.747879728 -0.481793685 0.067510323
1305031118.411295891 1.141329253 0.631169676 1.585409946 0.452645588 0.746089909 -0.483673353 0.067245131
1305031118.445692062 1.137290297 0.634885944 1.583666037 0.451781895 0.745301566 -0.485485283 0.068722163
1305031118.479285002 1.134963946 0.635652646 1.582753945 0.452328377 0.744662388 -0.485815853 0.069713154
1305031118.511255026 1.132838991 0.637827574 1.583234396 0.452775821 0.744166839 -0.485969749 0.071015316
1305031118.544414043 1.132669861 0.638590561 1.579902463 0.453056911 0.743411653 -0.486776727 0.071602846
1305031118.579284906 1.136804663 0.634743064 1.578406986 0.451973983 0.744570407 -0.486393625 0.068961359
1305031118.616142035 1.140678856 0.632432992 1.575136441 0.451865789 0.744693285 -0.486547786 0.067234456
1305031118.645324945 1.148680927 0.628714700 1.573226744 0.451078778 0.745632445 -0.486441337 0.062729723
1305031118.679295063 1.159211440 0.627084961 1.569678361 0.448789214 0.747564392 -0.486173863 0.058057697
1305031118.711421013 1.167413970 0.628298242 1.568229687 0.446230177 0.750303602 -0.484650020 0.055113449
1305031118.746769905 1.168570554 0.627826383 1.567940622 0.446046935 0.750538106 -0.484424087 0.055389412
1305031118.779277086 1.173269188 0.630423702 1.562825695 0.445292007 0.749809897 -0.486224572 0.055550091
1305031118.811220884 1.173140447 0.634894597 1.558401181 0.443756910 0.752195151 -0.483439429 0.059737578
1305031118.846752882 1.174131788 0.634554249 1.557815607 0.443271609 0.752744853 -0.482973587 0.060182895
1305031118.879208088 1.183504715 0.640657005 1.552391825 0.443909390 0.750914928 -0.485428437 0.058570104
1305031118.911176920 1.196605422 0.642067608 1.546453351 0.441240148 0.752843553 -0.485379824 0.054223085
1305031118.946974039 1.204618864 0.641133164 1.544612935 0.440018903 0.753880035 -0.485221404 0.051072954
1305031118.979373932 1.212912980 0.639440807 1.540923238 0.439662105 0.754020431 -0.485623774 0.048166112
1305031119.011363029 1.223294228 0.642596642 1.537208373 0.436967095 0.756749435 -0.484071342 0.045442118
1305031119.047172070 1.230475777 0.647740879 1.536697394 0.435180465 0.759854432 -0.480763341 0.045889156
1305031119.079222918 1.230680974 0.645625576 1.536181329 0.435029137 0.760670236 -0.479504248 0.046969320
1305031119.111327887 1.233925837 0.646979491 1.534236578 0.435293168 0.760320849 -0.479696402 0.048201943
1305031119.147615910 1.237246999 0.651111222 1.529334631 0.435631774 0.759112481 -0.481079483 0.050356027
1305031119.179225922 1.237256843 0.653289460 1.526625849 0.436195054 0.758505641 -0.481186998 0.053498984
1305031119.211364031 1.235814036 0.658416632 1.523038440 0.434481793 0.758205881 -0.482913872 0.056067870
1305031119.247399092 1.241242433 0.664542799 1.517845734 0.433669917 0.757289379 -0.485081615 0.056027024
1305031119.279211998 1.245155109 0.664909071 1.515339863 0.433962825 0.756880843 -0.485453883 0.056055175
1305031119.311212063 1.248332791 0.664917971 1.512336207 0.434333000 0.756527497 -0.485669326 0.056091853
1305031119.347740889 1.249382609 0.667054643 1.509757705 0.434798238 0.755999175 -0.485849945 0.058013538
1305031119.379239082 1.250841634 0.672553079 1.504742446 0.433844286 0.755318233 -0.487598694 0.059338149
1305031119.411484003 1.254318471 0.671672215 1.500665955 0.433084581 0.755467454 -0.488159056 0.058373008
1305031119.447705984 1.257644319 0.668532014 1.496102523 0.433635123 0.755164429 -0.488246911 0.057464938
1305031119.479266882 1.258071266 0.664329335 1.495467898 0.433813009 0.755771616 -0.487270760 0.056415813
1305031119.511240005 1.263086824 0.660545415 1.492190247 0.434168177 0.755706507 -0.487264777 0.054577529
1305031119.547382116 1.262777072 0.656284410 1.489983577 0.435435511 0.755837714 -0.485771632 0.055957017
1305031119.579559088 1.265328666 0.650743068 1.486130290 0.436173818 0.756036825 -0.484841661 0.055581325
1305031119.615016937 1.269715153 0.650342487 1.483468780 0.435338103 0.758925179 -0.481069056 0.055550631
1305031119.647902966 1.269715153 0.650342487 1.483468780 0.435338103 0.758925179 -0.481069056 0.055550631
1305031119.679208040 1.273841372 0.650485962 1.478368420 0.434945437 0.760922296 -0.478133988 0.056635825
1305031119.715231895 1.274391027 0.645245470 1.476362703 0.434407418 0.764434327 -0.472897403 0.057431708
1305031119.747193098 1.273429695 0.641084934 1.474960034 0.436496248 0.766366127 -0.467428319 0.060537195
1305031119.779169083 1.276718069 0.640585108 1.467868874 0.436477434 0.766470858 -0.467149604 0.061490823
1305031119.814537048 1.278539745 0.640229146 1.460067038 0.436996652 0.765903245 -0.467296622 0.063718232
1305031119.847429037 1.281258167 0.637530293 1.454653848 0.438849467 0.765167002 -0.466579170 0.065072905
1305031119.879214048 1.283289490 0.634112662 1.452283077 0.440834480 0.765079439 -0.464826435 0.065228812
1305031119.911401033 1.285516911 0.632773842 1.449636955 0.441203828 0.765042879 -0.464606208 0.064727480
1305031119.947391987 1.290815604 0.630742208 1.443656376 0.441843516 0.765149275 -0.463898770 0.064178079
1305031119.979537010 1.292312195 0.626689407 1.441538719 0.440276501 0.767454601 -0.461683206 0.063392868
1305031120.015264034 1.292960153 0.624484457 1.435497943 0.439286683 0.768394906 -0.461127456 0.062912222
1305031120.047290087 1.292773068 0.619551607 1.432761285 0.440437838 0.770238273 -0.456692672 0.064647635
1305031120.079417944 1.287340104 0.618477294 1.432164072 0.438981820 0.772004196 -0.454785926 0.066889784
1305031120.115231991 1.286490119 0.621464259 1.427579720 0.438512308 0.771241414 -0.456279619 0.068575112
1305031120.148156881 1.285881791 0.621976906 1.425054291 0.438197181 0.771161711 -0.456579894 0.069481274
1305031120.179245949 1.282200048 0.622841181 1.427740087 0.438138760 0.771549897 -0.455759892 0.070909127
1305031120.215249062 1.281426463 0.626280424 1.432213148 0.438814308 0.770897196 -0.456200025 0.071000380
1305031120.248003006 1.281251982 0.628952064 1.438445101 0.438726300 0.770493403 -0.457085654 0.070227159
1305031120.279429913 1.278922015 0.631065478 1.445282176 0.438224883 0.771062587 -0.456649888 0.069945103
1305031120.315196037 1.276510111 0.632909218 1.452154284 0.438327110 0.771350522 -0.456122897 0.069567377
1305031120.347786903 1.271120719 0.635290028 1.459485719 0.437998864 0.771883876 -0.455441487 0.070180690
1305031120.379436970 1.265119896 0.637249580 1.466071308 0.437257210 0.772495551 -0.454950490 0.071251724
1305031120.415445089 1.257783715 0.637993673 1.475692844 0.438149804 0.772447909 -0.454022323 0.072199080
1305031120.447417021 1.256079505 0.645168021 1.476661088 0.436860778 0.769636592 -0.460220455 0.070776471
1305031120.479432106 1.258478493 0.647141127 1.478887457 0.438395479 0.766885457 -0.463565234 0.069306377
1305031120.514818907 1.251889987 0.649833778 1.483488841 0.439656035 0.764624249 -0.465899715 0.070638406
1305031120.547735929 1.252887583 0.656331752 1.484003615 0.440500117 0.760848214 -0.471340147 0.070057892
1305031120.579550982 1.251418899 0.662429065 1.482417375 0.440395892 0.757255885 -0.477046808 0.071002299
1305031120.615236044 1.245926659 0.665644614 1.480874898 0.441304146 0.753971776 -0.480871212 0.074431780
1305031120.647353888 1.243763067 0.667816213 1.482112063 0.442520545 0.750587200 -0.484914256 0.075183683
1305031120.679317951 1.247081009 0.668114698 1.480316528 0.443598313 0.747005990 -0.489743892 0.073167674
1305031120.714521885 1.243420964 0.675281737 1.482070878 0.442278487 0.746878687 -0.490886328 0.074783556
1305031120.747369051 1.244905304 0.679360702 1.483799698 0.442982407 0.745639126 -0.492067867 0.075220315
1305031120.779894114 1.240538781 0.684945702 1.488292276 0.442687232 0.745429748 -0.492319312 0.077357615
1305031120.814944029 1.235193102 0.681337001 1.492441939 0.444154990 0.743557997 -0.493873984 0.077047637
1305031120.847920895 1.233528806 0.683996326 1.495951472 0.443259276 0.743870042 -0.494262604 0.076701061
1305031120.883435011 1.229111998 0.684370273 1.500129955 0.442926395 0.744239330 -0.493876849 0.077522171
1305031120.915443897 1.225064108 0.684982576 1.503189607 0.441410946 0.744359594 -0.495335252 0.075684603
1305031120.947488070 1.223203632 0.685638179 1.507014695 0.440811606 0.745000581 -0.494998435 0.075072041
1305031120.983366013 1.222496022 0.686090691 1.510705108 0.440182196 0.745419009 -0.495079343 0.074071446
1305031121.015018940 1.218569700 0.687353446 1.515926185 0.439771262 0.745908194 -0.494660101 0.074388088
1305031121.047497988 1.218593362 0.689273478 1.521194683 0.439693288 0.745920942 -0.494829898 0.073587586
1305031121.083098888 1.216183605 0.689403506 1.526409881 0.439702378 0.746319956 -0.494216964 0.073606623
1305031121.114696026 1.208455900 0.688851165 1.532501389 0.440534853 0.745268360 -0.494858809 0.074959150
1305031121.147330999 1.197701683 0.688176531 1.536272142 0.440583891 0.744347300 -0.495946210 0.076617807
1305031121.183270931 1.192288553 0.691583299 1.543254655 0.440489692 0.744575020 -0.495535029 0.077600943
1305031121.211420059 1.181747671 0.695895093 1.547316429 0.439860850 0.744490557 -0.495808389 0.080189057
1305031121.247194052 1.173925619 0.698103017 1.551887233 0.439591152 0.744327548 -0.496197373 0.080773064
1305031121.282876015 1.168121147 0.699456896 1.557412308 0.439413560 0.744789364 -0.495502108 0.081744646
1305031121.313568115 1.159355522 0.702876702 1.563689900 0.440218445 0.744537941 -0.494653521 0.084787200
1305031121.347517014 1.156285852 0.698381836 1.565529165 0.441900337 0.741924701 -0.497238565 0.083819093
1305031121.383225918 1.145801910 0.701644188 1.569900511 0.442351254 0.741415972 -0.496971965 0.087444783
1305031121.414318085 1.129841011 0.701453444 1.577140384 0.442492669 0.741268886 -0.496577117 0.090176734
1305031121.447319031 1.118631812 0.699362846 1.582171247 0.442066545 0.741094571 -0.497170255 0.090430877
1305031121.482964039 1.112315817 0.701173667 1.586100446 0.442245782 0.741039411 -0.496879157 0.091598924
1305031121.514106989 1.104263391 0.697479136 1.591353264 0.443885235 0.739614500 -0.497550682 0.091540197
1305031121.547270060 1.102039695 0.698679527 1.594497676 0.443826809 0.739535992 -0.497770831 0.091260502
1305031121.583204031 1.099584017 0.695999012 1.595875619 0.443727485 0.739986615 -0.497250470 0.090926889
1305031121.614700079 1.096796130 0.694239941 1.601018246 0.443393885 0.740746241 -0.496606811 0.089880723
1305031121.647182941 1.094141709 0.692440676 1.605175236 0.443412479 0.741297928 -0.495975737 0.088717667
1305031121.683199883 1.098261252 0.684910615 1.609302831 0.443986959 0.742213864 -0.494809011 0.084606170
1305031121.714519978 1.098513059 0.680155690 1.613862961 0.444543780 0.742952597 -0.493477568 0.082958755
1305031121.747144938 1.096278817 0.679549463 1.614600346 0.444449290 0.743085990 -0.493327626 0.083161847
1305031121.782835007 1.094250702 0.677550819 1.615708057 0.444478494 0.743563299 -0.492573180 0.083211483
1305031121.811539888 1.091997800 0.677250705 1.615557906 0.444854265 0.743437308 -0.492350513 0.083645827
1305031121.847335100 1.092231384 0.676626480 1.614025372 0.445463118 0.743139571 -0.492281215 0.083458934
1305031121.882060051 1.090115069 0.676063904 1.612343037 0.446306032 0.742659383 -0.492056959 0.084545349
1305031121.914931059 1.089637121 0.677166114 1.611089564 0.447352077 0.742017249 -0.491799119 0.086140282
1305031121.947288036 1.088637447 0.678088044 1.609940227 0.447238875 0.741820884 -0.491976024 0.087399980
1305031121.982925892 1.088667613 0.679364838 1.607573894 0.446572259 0.741716413 -0.492746635 0.087354071
1305031122.014256001 1.093328738 0.676844986 1.605677434 0.446393317 0.741856407 -0.493001445 0.085625073
1305031122.047306061 1.095346044 0.675629336 1.605413015 0.445386187 0.742530813 -0.493070163 0.084622403
1305031122.082958937 1.099028653 0.676186635 1.602837456 0.444297634 0.742699506 -0.493992715 0.083476067
1305031122.114671946 1.104779734 0.676005265 1.600325031 0.443608995 0.742807058 -0.494732945 0.081780476
1305031122.150724888 1.112246884 0.675085371 1.596452091 0.442301415 0.743283403 -0.495588140 0.079319838
1305031122.183042049 1.118735789 0.675046460 1.593789293 0.440395661 0.744442429 -0.495982926 0.076538021
1305031122.214958906 1.133355739 0.672664988 1.587506366 0.439210420 0.744951028 -0.496997109 0.071666220
1305031122.251318932 1.141367572 0.671502550 1.585772036 0.436977454 0.749306056 -0.492534641 0.070716091
1305031122.283560038 1.143528470 0.676290798 1.587393707 0.434755291 0.753235599 -0.488303090 0.072000430
1305031122.314289093 1.160630252 0.678242327 1.578105241 0.433082184 0.754006034 -0.489036761 0.068976584
1305031122.351326942 1.173646820 0.683315554 1.569430723 0.429301838 0.758335496 -0.485596741 0.069447915
1305031122.382630110 1.178957699 0.687814914 1.567068157 0.426725178 0.761809786 -0.482196483 0.070979038
1305031122.414997101 1.178062928 0.693890812 1.565770199 0.423871016 0.765396832 -0.478415358 0.074965295
1305031122.451256990 1.183022401 0.694546325 1.558873406 0.422716381 0.764983502 -0.479940907 0.075946233
1305031122.483360052 1.189201000 0.696611339 1.553660146 0.422679949 0.764601842 -0.480210624 0.078252416
1305031122.515096903 1.191829477 0.695892820 1.551229108 0.422624526 0.764796694 -0.479657097 0.080022475
1305031122.551490068 1.197885963 0.695007337 1.545056516 0.421356268 0.764864961 -0.480805277 0.079162947
1305031122.583208084 1.203015954 0.690446822 1.543163162 0.421134570 0.765782706 -0.479805585 0.077518526
1305031122.614979982 1.207837913 0.687072944 1.542138924 0.421092300 0.766640475 -0.478729051 0.075908842
1305031122.648787975 1.208507060 0.690816115 1.539455368 0.421277537 0.766108921 -0.479146342 0.077596012
1305031122.683402061 1.212308500 0.693341545 1.535906308 0.421119214 0.765547095 -0.480165825 0.077698349
1305031122.715208054 1.215960202 0.695760434 1.532359021 0.422029776 0.764717694 -0.480532080 0.078655174
1305031122.751297951 1.218589441 0.698190968 1.527485102 0.421867652 0.763891875 -0.481742133 0.080133668
1305031122.783422947 1.224285793 0.693426812 1.520313913 0.421041070 0.764104861 -0.482348155 0.078793629
1305031122.812555075 1.226328549 0.696550500 1.516842899 0.419490661 0.767330298 -0.478183522 0.081069836
1305031122.851418018 1.227151756 0.699145449 1.514777218 0.416907170 0.771038104 -0.474394155 0.081479071
1305031122.883754015 1.232413273 0.701396049 1.512735919 0.414924985 0.774525889 -0.470587038 0.080589972
1305031122.914571047 1.232870596 0.700818231 1.514524157 0.414961380 0.777990075 -0.464683040 0.081290644
1305031122.951340914 1.232583205 0.694212061 1.514225744 0.416570434 0.778410615 -0.462389944 0.082106807
1305031122.982815027 1.233010165 0.691658551 1.512056898 0.417809522 0.778229646 -0.461374635 0.083230209
1305031123.015450001 1.234527970 0.690218986 1.508042139 0.419792034 0.777264007 -0.460774903 0.085567518
1305031123.051826954 1.235104955 0.689666852 1.505346969 0.420811935 0.776705070 -0.460531895 0.086930568
1305031123.082974911 1.237307952 0.690777905 1.502661183 0.421056533 0.776317891 -0.460971643 0.086873892
1305031123.113873005 1.241823048 0.688966144 1.497723055 0.422742739 0.775688382 -0.460321064 0.087753224
1305031123.150821924 1.241352155 0.690457580 1.494464593 0.420945888 0.778091470 -0.457606665 0.089299288
1305031123.182154894 1.248118454 0.688150158 1.489417490 0.421864669 0.778413516 -0.456300293 0.088840539
1305031123.214704037 1.249323652 0.688402721 1.481814126 0.419189374 0.781032732 -0.454163887 0.089461191
1305031123.250617981 1.250005191 0.681805924 1.479910689 0.419223594 0.784189249 -0.448465998 0.090427033
1305031123.282346964 1.251459991 0.673191532 1.476369525 0.420773034 0.787060550 -0.441680201 0.091675210
1305031123.311326981 1.251271914 0.666638632 1.476016529 0.422972129 0.789841670 -0.434110193 0.093771288
1305031123.350481033 1.249758641 0.660327878 1.473262717 0.423262546 0.792225116 -0.429129193 0.095269715
1305031123.382255077 1.249511422 0.658338485 1.467987337 0.422746576 0.794146020 -0.425741108 0.096757116
1305031123.411362886 1.254894422 0.655172118 1.461413195 0.424182814 0.794080779 -0.424628244 0.095893231
1305031123.451255083 1.255867222 0.652801510 1.457026668 0.423762416 0.794897857 -0.423467220 0.096116207
1305031123.483593941 1.258017690 0.652853208 1.448841179 0.424827721 0.794426692 -0.422929306 0.097664944
1305031123.511359930 1.259736235 0.653343252 1.440225589 0.424596937 0.794331004 -0.423082442 0.098777244
1305031123.551512957 1.262648388 0.652143597 1.434710830 0.426176793 0.793559145 -0.422784782 0.099449751
1305031123.579582930 1.261987781 0.651501369 1.428824345 0.426071236 0.793495421 -0.422576795 0.101277697
1305031123.611335039 1.266441032 0.649695563 1.423585158 0.427748989 0.792631735 -0.422594849 0.100892662
1305031123.652410984 1.269670767 0.649823838 1.414968930 0.427187861 0.792608111 -0.423121286 0.101248662
1305031123.683753014 1.272733362 0.647922863 1.406863534 0.426572470 0.793011086 -0.423067860 0.100910511
1305031123.711323023 1.278881051 0.646374004 1.397406096 0.427122263 0.792322262 -0.424063095 0.099812305
1305031123.751723051 1.281256753 0.645042971 1.390983442 0.427118663 0.792257997 -0.424148932 0.099972981
1305031123.783858061 1.280485799 0.645347168 1.387367527 0.426904031 0.792221475 -0.424241352 0.100783724
1305031123.811608076 1.278745402 0.646011663 1.385292825 0.426734670 0.792167355 -0.424283515 0.101744301
1305031123.851444006 1.277060981 0.646472733 1.383747765 0.426838972 0.792031325 -0.424206305 0.102683415
1305031123.883785963 1.274131029 0.648009011 1.384145891 0.426218798 0.792202514 -0.424259152 0.103715405
1305031123.911242962 1.272198915 0.650317807 1.388319787 0.425752456 0.792529210 -0.424024280 0.104094706
1305031123.951442003 1.272976105 0.651869436 1.389123918 0.425884080 0.792119275 -0.424632132 0.104198641
1305031123.983414888 1.267825300 0.653246099 1.389307223 0.425384431 0.792220425 -0.424449876 0.106194103
1305031124.011301994 1.264313611 0.656171213 1.395563279 0.425754363 0.791911630 -0.424424173 0.107113551
1305031124.051505089 1.261243807 0.661114315 1.400968424 0.425212949 0.791639924 -0.425262697 0.107943585
1305031124.083837032 1.256049832 0.664179859 1.404212593 0.424115822 0.791963512 -0.425383956 0.109398608
1305031124.111330986 1.248399761 0.666251432 1.412584428 0.422097364 0.792945423 -0.425330375 0.110297064
1305031124.147445917 1.247069450 0.670398126 1.420328997 0.422511507 0.792374529 -0.426064661 0.109979707
1305031124.182693958 1.247069450 0.670398126 1.420328997 0.422511507 0.792374529 -0.426064661 0.109979707
1305031124.211395979 1.245505447 0.672343532 1.426602384 0.423025203 0.791266867 -0.427899340 0.108851175
1305031124.249326944 1.242898727 0.676837056 1.433279638 0.422929138 0.790471019 -0.429565866 0.108442053
1305031124.282545090 1.238424446 0.680914496 1.437069780 0.422832516 0.789737105 -0.430531598 0.110320041
1305031124.311361074 1.231561716 0.684053840 1.442432955 0.422581999 0.789269444 -0.431057233 0.112551595
1305031124.350353956 1.231556257 0.689676438 1.447403259 0.422682048 0.787285586 -0.434625951 0.112345780
1305031124.382420063 1.233847205 0.693275788 1.450199136 0.423868603 0.784594732 -0.438685054 0.110914096
1305031124.411438942 1.230872075 0.697947870 1.456184285 0.423888921 0.783256774 -0.441079700 0.110795785
1305031124.450244904 1.233744036 0.704362920 1.459476357 0.423985095 0.780451729 -0.446565887 0.108215736
1305031124.480098963 1.237883273 0.706930549 1.463854217 0.423944651 0.777734842 -0.452379480 0.103693078
1305031124.511323929 1.241104797 0.712512597 1.467795514 0.423802391 0.774962171 -0.457907005 0.100729053
1305031124.550436974 1.244458161 0.716156243 1.469211133 0.423889375 0.772153172 -0.463111153 0.098108796
1305031124.579404116 1.238792302 0.721061709 1.473404269 0.421633537 0.771679182 -0.465969897 0.098022725
1305031124.611357927 1.236650773 0.724464511 1.478098527 0.421739741 0.769752868 -0.469170645 0.097442386
1305031124.651271105 1.239613319 0.727060128 1.479476229 0.421967697 0.766893335 -0.474085909 0.095186271
1305031124.679362059 1.234816367 0.727143424 1.486901105 0.422282154 0.765771435 -0.475734028 0.094599292
1305031124.711251020 1.237878200 0.727156043 1.489758297 0.424246823 0.762726133 -0.479330113 0.092228637
1305031124.749890089 1.229451972 0.729270794 1.495333128 0.421970296 0.763257139 -0.480675156 0.091274329
1305031124.779365063 1.221497399 0.726793873 1.502076056 0.422825750 0.762191910 -0.481489316 0.091923424
1305031124.811359882 1.214233285 0.726582343 1.505368689 0.423270494 0.760655389 -0.483459871 0.092260618
1305031124.850534916 1.209736627 0.728425551 1.509666506 0.422847660 0.760819876 -0.483501283 0.092625496
1305031124.879354954 1.201701275 0.734071236 1.512867499 0.421715122 0.760898098 -0.483965715 0.094697552
1305031124.911448002 1.196621106 0.734256499 1.515780088 0.420556727 0.760928503 -0.485201363 0.093271054
1305031124.950730085 1.196938397 0.730147730 1.518207723 0.420664568 0.761406037 -0.484684123 0.091561283
1305031124.979438066 1.189318695 0.725995100 1.526047600 0.422027157 0.762103595 -0.482128705 0.092968281
1305031125.011454105 1.179143824 0.722047240 1.530022430 0.424850565 0.758848762 -0.484434616 0.094729385
1305031125.050762892 1.175059708 0.718954558 1.529503054 0.426367333 0.755512346 -0.488196382 0.095269544
1305031125.079364061 1.169544811 0.720104499 1.530690016 0.426020982 0.755449645 -0.488311652 0.096714468
1305031125.111363888 1.165127607 0.721558661 1.534362336 0.427356005 0.754663448 -0.488011110 0.098463606
1305031125.151012897 1.148785001 0.722337578 1.539889946 0.426405304 0.754788301 -0.488076027 0.101266624
1305031125.179352999 1.147404538 0.721154116 1.542448021 0.426254755 0.754676356 -0.488676731 0.099827521
1305031125.211319923 1.146718252 0.715211644 1.544754262 0.427771826 0.754941692 -0.487084094 0.099113025
1305031125.250632048 1.141725476 0.713894069 1.550635730 0.427377413 0.755838476 -0.486013346 0.099235944
1305031125.279467106 1.131391023 0.712636540 1.558416739 0.427068564 0.756253220 -0.485520632 0.099815951
1305031125.311492920 1.128533684 0.712648615 1.562154822 0.427146091 0.756417051 -0.485244288 0.099586363
1305031125.348880053 1.121560034 0.713819954 1.567053617 0.426841755 0.756711824 -0.485011027 0.099787949
1305031125.379400969 1.120668634 0.711972963 1.569782347 0.425530778 0.757587909 -0.485260457 0.097500800
1305031125.411334991 1.123203950 0.704413145 1.573459900 0.425893477 0.758800073 -0.483879672 0.093261236
1305031125.451195002 1.133305003 0.692852737 1.582296321 0.430843171 0.759510028 -0.479603919 0.086595384
1305031125.479424000 1.137189015 0.684715847 1.588824283 0.431634945 0.760999470 -0.477387479 0.081683996
1305031125.511316061 1.136328632 0.683848713 1.589666620 0.432008467 0.760949346 -0.477310019 0.080622104
1305031125.551019907 1.138901573 0.679963937 1.590550633 0.432583360 0.761286636 -0.476633255 0.078326460
1305031125.579308033 1.140570821 0.675896735 1.590637244 0.432387144 0.762102794 -0.475942403 0.075627497
1305031125.611532927 1.142659554 0.671209790 1.593824085 0.432474203 0.762980311 -0.474926662 0.072606993
1305031125.650574923 1.141523985 0.672646604 1.599893259 0.434127761 0.762376224 -0.474358128 0.072800729
1305031125.679327965 1.141225942 0.675884881 1.597870211 0.436420432 0.758557573 -0.478114586 0.074391251
1305031125.711442947 1.139010548 0.682035586 1.597102123 0.436095566 0.757367977 -0.479704596 0.078089087
1305031125.751260042 1.136948975 0.685535279 1.596264232 0.438002142 0.754686664 -0.481680357 0.081155379
1305031125.779347897 1.140440773 0.687950337 1.594336041 0.437563122 0.754429153 -0.482497172 0.081065700
1305031125.811573029 1.144591732 0.688169571 1.591405661 0.437101754 0.754433862 -0.483029081 0.080339978
1305031125.847412109 1.152672741 0.688587051 1.586735464 0.436693418 0.754797140 -0.483159886 0.078336841
1305031125.879317999 1.158774038 0.686615886 1.585120449 0.435731907 0.755522373 -0.483268120 0.075997191
1305031125.911304951 1.164560465 0.687187052 1.579776078 0.436565964 0.754904681 -0.483240180 0.077511358
1305031125.947343111 1.160713176 0.692691114 1.580149553 0.435911570 0.756790128 -0.479701362 0.084477269
1305031125.979324102 1.157552883 0.702167104 1.568898105 0.432484370 0.755715916 -0.483477759 0.089999889
1305031126.011332989 1.161480165 0.706005925 1.557210389 0.428585329 0.755390988 -0.487135689 0.091640008
1305031126.047323942 1.174158443 0.710129942 1.547691157 0.426361308 0.755862129 -0.488528991 0.090707787
1305031126.079355955 1.178139130 0.714434644 1.543083013 0.425295415 0.758605283 -0.484838068 0.092595262
1305031126.111370087 1.182486988 0.716424662 1.538889481 0.423805540 0.761611869 -0.481197860 0.093727501
1305031126.147432089 1.197077468 0.718701424 1.530227956 0.422854483 0.762221312 -0.481582325 0.091056145
1305031126.179383993 1.205419753 0.721370872 1.520316841 0.422243023 0.764180254 -0.478604670 0.093150083
1305031126.211318970 1.201998781 0.721367267 1.517932162 0.421122680 0.767615642 -0.473146303 0.097747070
1305031126.247298002 1.207598791 0.728186293 1.511473666 0.418941396 0.770124735 -0.470717978 0.099098861
1305031126.279362917 1.210321013 0.728850475 1.507844911 0.417359013 0.773423178 -0.466395691 0.100514181
1305031126.311331987 1.215589115 0.726127469 1.504458695 0.416279406 0.776636818 -0.462173382 0.099711957
1305031126.347362995 1.220317020 0.718785642 1.504788170 0.416330927 0.780224157 -0.456393144 0.098102613
1305031126.379422903 1.224992970 0.716291448 1.505199444 0.416333354 0.783479928 -0.450960226 0.097265694
1305031126.411464930 1.227701327 0.712879379 1.504051602 0.414859700 0.786861540 -0.446441053 0.097111962
1305031126.447360992 1.224692369 0.712113736 1.503180635 0.412446259 0.790782298 -0.441311349 0.098973401
1305031126.479532957 1.227740113 0.709395622 1.500360281 0.414917459 0.790549088 -0.438887284 0.101260034
1305031126.511409998 1.230897564 0.707386919 1.495352664 0.415207535 0.790618864 -0.438234730 0.102346648
1305031126.547374010 1.230897564 0.707386919 1.495352664 0.415207535 0.790618864 -0.438234730 0.102346648
1305031126.579453945 1.228937952 0.705642935 1.493141397 0.414111834 0.793467718 -0.433550423 0.104663270
1305031126.611527920 1.225422805 0.702404707 1.492030460 0.414075879 0.796001558 -0.428239197 0.107395887
1305031126.647376060 1.221955199 0.701287065 1.490337167 0.412548948 0.798758429 -0.423879953 0.110064177
1305031126.679478884 1.222191306 0.700495396 1.487182389 0.414364072 0.798373206 -0.422412378 0.111671046
1305031126.711582899 1.223725238 0.700385436 1.483222201 0.415602086 0.797993231 -0.421596763 0.112862212
1305031126.747315884 1.224183958 0.698967153 1.481924047 0.416857519 0.797933810 -0.420341484 0.113333496
1305031126.779378891 1.223289084 0.702549909 1.479325787 0.417036331 0.797385852 -0.420843480 0.114661532
1305031126.811602116 1.223655214 0.703499722 1.477660563 0.417565100 0.797193946 -0.420664023 0.114730030
1305031126.847342968 1.225286636 0.702012884 1.478121667 0.418806472 0.797475979 -0.419167845 0.113716840
1305031126.879357100 1.226499039 0.701456335 1.477553593 0.419895090 0.797279664 -0.418577837 0.113251245
1305031126.911364079 1.227485030 0.700621971 1.478168990 0.420749612 0.797311971 -0.417835753 0.112590714
1305031126.947437048 1.228793978 0.701128176 1.477394272 0.421772250 0.796823460 -0.417788885 0.112396576
1305031126.979336977 1.228671523 0.701857840 1.477278038 0.421795302 0.796779219 -0.417694027 0.112974774
1305031127.011370897 1.227116834 0.702992854 1.478290421 0.421090473 0.796937220 -0.417973880 0.113453584
1305031127.047297001 1.227104764 0.705161121 1.478231353 0.421266162 0.796335626 -0.418782221 0.114043160
1305031127.079298973 1.227154222 0.705434936 1.478094917 0.420884989 0.796415444 -0.419028202 0.113989613
1305031127.111434937 1.226021121 0.705928753 1.479290287 0.420962928 0.796254194 -0.418911964 0.115248593
1305031127.147306919 1.223352716 0.708916594 1.479349773 0.419885266 0.795977895 -0.420024651 0.117024983
1305031127.179348946 1.221636036 0.712146774 1.480169048 0.419007070 0.795532417 -0.421380912 0.118318959
1305031127.211699963 1.221608450 0.712964732 1.480985684 0.418892319 0.795163818 -0.422104935 0.118621882
1305031127.247374058 1.220472874 0.713840679 1.483965979 0.419081897 0.795309352 -0.421546592 0.118961629
1305031127.279464960 1.217976847 0.715269150 1.485851621 0.418196296 0.795463108 -0.421972688 0.119538077
1305031127.311362028 1.216735510 0.715100922 1.486809972 0.417683931 0.795652985 -0.422071367 0.119717261
1305031127.347356081 1.216698743 0.715650894 1.488398549 0.417822418 0.795338894 -0.422522401 0.119730073
1305031127.379261971 1.215377560 0.718096735 1.489116497 0.416758488 0.794915140 -0.424276830 0.120047719
1305031127.411370993 1.213096233 0.719399795 1.488425110 0.415963767 0.794846371 -0.424934564 0.120929758
1305031127.447333097 1.213654293 0.718776168 1.490753979 0.415690137 0.795105782 -0.424831574 0.120526511
1305031127.479362011 1.215186366 0.722144809 1.488717123 0.415575728 0.793796912 -0.427365468 0.120590352
1305031127.511356115 1.215676332 0.721253481 1.488821731 0.414975920 0.794113703 -0.427505115 0.120074095
1305031127.547348022 1.213833154 0.719916384 1.489708558 0.414691545 0.794496012 -0.426867792 0.120792788
1305031127.579344988 1.213799365 0.722249533 1.489411797 0.414082666 0.794175211 -0.427936734 0.121208220
1305031127.611270905 1.212638416 0.722985416 1.488009270 0.413423241 0.794074710 -0.428596406 0.121785466
1305031127.647357941 1.210158122 0.721685479 1.488408799 0.413379769 0.794369949 -0.427800591 0.122801490
1305031127.679297924 1.210535664 0.723417094 1.488410463 0.413216737 0.794025397 -0.428602699 0.122781612
1305031127.711374998 1.211418903 0.725371437 1.487778883 0.412254680 0.793896675 -0.429865359 0.122433332
1305031127.747303963 1.211545313 0.724064633 1.488558997 0.412473437 0.794137690 -0.429234100 0.122348193
1305031127.779345989 1.211828850 0.724079388 1.489707201 0.412821423 0.793924742 -0.429267520 0.122439264
1305031127.811829090 1.214277838 0.726511643 1.489563967 0.412674996 0.793289817 -0.430814395 0.121612380
1305031127.847366095 1.217444177 0.725262228 1.490193950 0.413376844 0.793000028 -0.431019571 0.120385503
1305031127.879379988 1.218609457 0.723878594 1.491487540 0.413959104 0.793081169 -0.430432863 0.119948613
1305031127.911475897 1.219037455 0.724084562 1.491845161 0.413735079 0.793036687 -0.430744239 0.119897862
1305031127.947365999 1.215717262 0.726729348 1.488835669 0.412261834 0.793064862 -0.431583445 0.121753992
1305031127.979371071 1.213796537 0.725865676 1.487915187 0.411640150 0.793555492 -0.431052031 0.122540668
1305031128.011426926 1.213617475 0.723697319 1.487390377 0.412454366 0.793567135 -0.430075612 0.123156673
1305031128.047369003 1.213424828 0.720647176 1.486774629 0.412974500 0.793952232 -0.428879463 0.123102893
1305031128.079334021 1.210046340 0.720313885 1.486593022 0.412499601 0.794463885 -0.428051075 0.124271846
1305031128.111391068 1.210825535 0.720392053 1.486294289 0.412401711 0.794148808 -0.428759745 0.124167554
1305031128.147418022 1.206862901 0.721227327 1.485365256 0.411757035 0.794341671 -0.428450328 0.126126008
1305031128.179349899 1.204518918 0.721965114 1.484875016 0.412186883 0.794012660 -0.428232655 0.127525145
1305031128.211447001 1.204208771 0.723731490 1.485521563 0.412312360 0.793521192 -0.428972806 0.127690902
1305031128.247479916 1.203150999 0.724978287 1.484962750 0.411708775 0.793607181 -0.429250089 0.128171323
1305031128.279335976 1.201335807 0.724429591 1.485061729 0.411783296 0.793717439 -0.428676233 0.129165908
1305031128.311482906 1.199151259 0.727609417 1.483594903 0.409925920 0.793859715 -0.429903185 0.130118192
1305031128.347423077 1.200869227 0.726871400 1.484787205 0.410225287 0.793979634 -0.429719354 0.129045849
1305031128.379404068 1.198924843 0.725456204 1.485727373 0.409508995 0.794662069 -0.429002710 0.129503878
1305031128.411336899 1.200472961 0.725143598 1.487975211 0.410026537 0.794791251 -0.428478914 0.128805769
1305031128.447295904 1.199745652 0.725986710 1.488551572 0.409526221 0.795103158 -0.428359067 0.128871067
1305031128.479295969 1.198993013 0.724570141 1.490081032 0.409437386 0.795501389 -0.427674674 0.128968757
1305031128.511432886 1.198987113 0.724650847 1.490798503 0.409378985 0.795594102 -0.427520872 0.129092121
1305031128.547399044 1.198841659 0.724838273 1.490800399 0.409389356 0.795631710 -0.427442668 0.129086418
1305031128.579454899 1.198356928 0.724532254 1.492406341 0.409331174 0.796060919 -0.426754579 0.128901253
1305031128.611394882 1.195390145 0.727125016 1.492403623 0.408167712 0.796145239 -0.427301247 0.130251759
1305031128.647351980 1.196791028 0.729344729 1.491779349 0.408123412 0.795615043 -0.428409137 0.129990752
1305031128.679281950 1.196781061 0.732036698 1.490206224 0.406876544 0.795401575 -0.429907106 0.130260097
1305031128.711457014 1.196702925 0.733792558 1.490814068 0.406344377 0.795468426 -0.430230479 0.130445255
1305031128.747363091 1.195407296 0.735100478 1.491154658 0.405237746 0.795846426 -0.430507132 0.130669222
