1305031102.175303936 0.000000000 0.000000000 0.000000000 0.000000000 0.000000000 0.000000000 1.000000000
1305031102.211214066 0.008551419 0.006736793 0.025184949 -0.003373401 -0.006955412 -0.004908200 0.999958075
1305031102.243211031 0.008551419 0.006736793 0.025184949 -0.003373401 -0.006955412 -0.004908200 0.999958075
1305031102.275326014 0.010935228 0.004809021 0.037245958 -0.010008379 -0.008837037 -0.005633420 0.999894996
1305031102.311266899 0.014209111 0.000703579 0.047285064 -0.016526057 -0.010978000 -0.005386349 0.999788658
1305031102.343233109 0.015111301 -0.005340630 0.056175238 -0.023545970 -0.012029464 -0.005522562 0.999635124
1305031102.375329018 0.014554830 -0.000787652 0.068401199 -0.023028245 -0.012592929 -0.004773217 0.999644104
1305031102.411257982 0.016207333 0.004771994 0.080100924 -0.022460693 -0.013755428 -0.003888377 0.999645530
1305031102.443270922 0.014267436 0.009916281 0.092662773 -0.021382792 -0.013924555 -0.004711362 0.999663286
1305031102.475317955 0.018646474 0.009915270 0.101968086 -0.027254374 -0.016302695 -0.005381483 0.999481096
1305031102.511219025 0.020827981 0.011791653 0.128229314 -0.039318158 -0.018257778 -0.006951277 0.999035743
1305031102.543220043 0.020827981 0.011791653 0.128229314 -0.039318158 -0.018257778 -0.006951277 0.999035743
1305031102.575285912 0.014863110 0.012344285 0.136883889 -0.043708408 -0.015668279 -0.010263379 0.998868732
1305031102.611232996 0.002588760 0.012062991 0.159567202 -0.042873288 -0.009421247 -0.009263942 0.998993143
1305031102.643265009 0.002588760 0.012062991 0.159567202 -0.042873288 -0.009421247 -0.009263942 0.998993143
1305031102.675285101 0.001609719 0.021740991 0.165521515 -0.039207563 -0.008587943 -0.009929097 0.999144848
1305031102.711262941 0.002078123 0.025739881 0.178459001 -0.039104487 -0.009221117 -0.008421930 0.999157085
1305031102.743233919 0.000395741 0.027325094 0.190572467 -0.039363747 -0.009022697 -0.007262945 0.999157813
1305031102.775471926 -0.001087282 0.033299577 0.202872120 -0.038674657 -0.008911200 -0.006201486 0.999192876
1305031102.811232090 -0.003659504 0.037504733 0.210572727 -0.040809663 -0.007678577 -0.009030663 0.999096621
1305031102.843290091 -0.004306501 0.040307635 0.218930306 -0.042964468 -0.006525621 -0.012350848 0.998978942
1305031102.875363111 -0.007792134 0.040508468 0.227107513 -0.045973430 -0.004647994 -0.014579002 0.998825457
1305031102.911185026 -0.010388884 0.046585137 0.245565836 -0.046287200 -0.002365616 -0.018232326 0.998758971
1305031102.943228960 -0.010388884 0.046585137 0.245565836 -0.046287200 -0.002365616 -0.018232326 0.998758971
1305031102.975203037 -0.015701102 0.047474721 0.256097242 -0.046936718 -0.000450673 -0.018406503 0.998728162
1305031103.011214972 -0.009886431 0.053061943 0.277691836 -0.049302586 -0.007193196 -0.010678029 0.998700902
1305031103.043226957 -0.009886431 0.053061943 0.277691836 -0.049302586 -0.007193196 -0.010678029 0.998700902
1305031103.075319052 -0.007000714 0.054192932 0.287502721 -0.051031677 -0.010352978 -0.006967103 0.998619068
1305031103.111239910 -0.004496602 0.055004778 0.296157807 -0.051407556 -0.012483082 -0.005071734 0.998586858
1305031103.143317938 -0.003622140 0.061447533 0.303115486 -0.049325356 -0.012898799 -0.004899028 0.998687453
1305031103.175451994 -0.009013242 0.061084467 0.312993315 -0.051194368 -0.010248643 -0.002480143 0.998633041
1305031103.211220026 -0.010396478 0.068816540 0.331700820 -0.055824210 -0.009662907 -0.000051348 0.998393852
1305031103.243216038 -0.010396478 0.068816540 0.331700820 -0.055824210 -0.009662907 -0.000051348 0.998393852
1305031103.275369883 -0.010297133 0.067040106 0.340403541 -0.063228719 -0.009754627 0.001476473 0.997950298
1305031103.311209917 0.001524822 0.059649350 0.354585258 -0.081595308 -0.020539958 0.004970266 0.996441475
1305031103.343223095 0.001524822 0.059649350 0.354585258 -0.081595308 -0.020539958 0.004970266 0.996441475
1305031103.375327110 0.003191683 0.059728434 0.356814206 -0.082423718 -0.022181775 0.006041207 0.996332175
1305031103.411259890 0.001020864 0.058314537 0.358487051 -0.084551259 -0.020471553 0.007521730 0.996180417
1305031103.443279982 0.001677308 0.052423646 0.358748384 -0.087961969 -0.020746301 0.008512908 0.995871384
1305031103.475274086 0.002576842 0.049832622 0.355646914 -0.088828372 -0.022026435 0.010217171 0.995750956
1305031103.511332989 0.004155299 0.045690427 0.352125302 -0.089587637 -0.024179883 0.009973998 0.995635429
1305031103.543443918 0.004597698 0.043064275 0.346179935 -0.087669084 -0.024561119 0.009316154 0.995803240
1305031103.575474024 0.005406103 0.041009369 0.338139495 -0.083829859 -0.025104841 0.008872027 0.996124284
1305031103.611222982 0.005406103 0.041009369 0.338139495 -0.083829859 -0.025104841 0.008872027 0.996124284
1305031103.643445015 0.007026304 0.039090766 0.327802957 -0.081239553 -0.026863767 0.010920687 0.996272659
1305031103.675523043 0.011159518 0.037278670 0.317479368 -0.078178095 -0.030528430 0.013120231 0.996385498
1305031103.711610079 0.013950682 0.037414668 0.306962747 -0.074051196 -0.032797964 0.014484580 0.996609708
1305031103.743325949 0.015375314 0.032620057 0.296692082 -0.072148371 -0.033370967 0.015667831 0.996712351
1305031103.775341988 0.016515824 0.026680660 0.285620404 -0.070783349 -0.033664016 0.015572520 0.996801860
1305031103.811242104 0.013587274 0.027990730 0.272932244 -0.066278643 -0.032497877 0.014082998 0.997172352
1305031103.843250990 0.012329020 0.028048759 0.260294100 -0.065386040 -0.031362684 0.011565638 0.997299997
1305031103.875360966 0.009883484 0.019777317 0.254215860 -0.069134659 -0.030606345 0.010815280 0.997079074
1305031103.911221027 0.014073948 0.003654843 0.250166564 -0.076994081 -0.033347545 0.012460566 0.996395798
1305031103.943211079 0.020369366 -0.002391499 0.236686962 -0.077273071 -0.037606575 0.011535283 0.996233685
1305031103.975373030 0.022953717 -0.007637562 0.223509654 -0.075042701 -0.038892114 0.009535453 0.996375969
1305031104.011231899 0.023081997 -0.013552172 0.211594914 -0.072973127 -0.039347191 0.008929298 0.996517430
1305031104.043248892 0.020404269 -0.016934297 0.197608992 -0.069120928 -0.038034231 0.010700199 0.996825562
1305031104.075424910 0.013770135 -0.014992383 0.180044718 -0.061200035 -0.033841445 0.008778953 0.997513029
1305031104.111234903 0.010765871 -0.021324043 0.166838787 -0.058887353 -0.031255310 0.006056618 0.997756835
1305031104.143229961 0.006513988 -0.026444600 0.150997897 -0.057774985 -0.027355061 0.004365428 0.997945236
1305031104.175424099 -0.001231260 -0.035557052 0.139265677 -0.055012899 -0.023130035 0.003226839 0.998212487
1305031104.211282969 -0.007881187 -0.049668891 0.114028026 -0.050079605 -0.018843563 0.004376697 0.998557859
1305031104.243196011 -0.007881187 -0.049668891 0.114028026 -0.050079605 -0.018843563 0.004376697 0.998557859
1305031104.275546074 -0.012019509 -0.052057219 0.103450002 -0.046096675 -0.017086058 0.006461040 0.998769953
1305031104.311218977 -0.015550840 -0.060629754 0.093691428 -0.044608839 -0.015229261 0.007095045 0.998863245
1305031104.343342066 -0.017195541 -0.067819743 0.085949205 -0.043413717 -0.013613935 0.008805144 0.998925613
1305031104.375837088 -0.020396086 -0.070736426 0.073764044 -0.042656213 -0.011079880 0.008651722 0.998990907
1305031104.411509037 -0.023557990 -0.073490090 0.062381741 -0.042945438 -0.008746880 0.009492832 0.998994028
1305031104.443288088 -0.029116520 -0.073015533 0.050437646 -0.042002470 -0.005595532 0.009334398 0.999058232
1305031104.475455999 -0.029870206 -0.073884219 0.040868545 -0.041906470 -0.004860777 0.009307563 0.999066359
1305031104.511328936 -0.028975397 -0.076628930 0.031875356 -0.042613846 -0.005409020 0.009912655 0.999027798
1305031104.543368101 -0.023715155 -0.083967867 0.020443066 -0.044404741 -0.007403906 0.011206717 0.998923326
1305031104.575342894 -0.023745825 -0.090077520 0.013922135 -0.042796801 -0.008046409 0.013271994 0.998963234
1305031104.611335993 -0.025164126 -0.101749113 0.006433961 -0.041757954 -0.007508975 0.014023805 0.999001112
1305031104.643243074 -0.030432473 -0.114207876 -0.008369109 -0.036963487 -0.004150706 0.014912405 0.999196724
1305031104.675524950 -0.044161896 -0.135933797 -0.018712020 -0.031735354 0.004629806 0.017138743 0.999338629
1305031104.711277008 -0.055079292 -0.159111709 -0.031038684 -0.027220342 0.013428035 0.018904685 0.999360472
1305031104.743279934 -0.069034944 -0.191710285 -0.042432197 -0.023811331 0.022746958 0.021538668 0.999225541
1305031104.775326967 -0.082139635 -0.221688914 -0.052772256 -0.020263106 0.031436184 0.023927193 0.999013845
1305031104.811465025 -0.088750536 -0.249934198 -0.059347727 -0.016662072 0.039117296 0.026375543 0.998747487
1305031104.843257904 -0.097274568 -0.272631715 -0.068581168 -0.013389812 0.046868833 0.029142827 0.998386058
1305031104.875349998 -0.105165855 -0.307782772 -0.072692457 -0.017066126 0.051714693 0.029319987 0.998085505
1305031104.911534071 -0.108146178 -0.321066489 -0.071602105 -0.017917784 0.052950931 0.029830074 0.997990641
1305031104.943262100 -0.107604267 -0.324328872 -0.073436961 -0.018188834 0.052982318 0.030313241 0.997969512
1305031104.975202084 -0.104781168 -0.323849420 -0.072572296 -0.018015305 0.052578385 0.030723345 0.997981482
1305031105.011290073 -0.105741106 -0.315224274 -0.068492338 -0.016703495 0.052722330 0.030750080 0.997995883
1305031105.043373108 -0.106131695 -0.293232440 -0.067487641 -0.014164471 0.052589476 0.031100907 0.998031286
1305031105.075320005 -0.104502042 -0.262019630 -0.063667451 -0.010438150 0.052001794 0.031129401 0.998107118
1305031105.111299038 -0.103759008 -0.225528487 -0.057872046 -0.005905781 0.051463630 0.031129526 0.998172114
1305031105.143105984 -0.103400064 -0.197917541 -0.052322624 -0.002683206 0.051054825 0.031097771 0.998207961
1305031105.175158978 -0.102519363 -0.158949300 -0.040606192 0.002518052 0.050097394 0.031463126 0.998245452
1305031105.211267948 -0.101719002 -0.127649971 -0.026091314 -0.001267901 0.048680451 0.029919135 0.998365390
1305031105.243269920 -0.100200965 -0.106308231 -0.016043753 -0.006935299 0.046825645 0.029888842 0.998431729
1305031105.275288105 -0.088515024 -0.099188644 0.002710662 -0.012834351 0.039145286 0.028092165 0.998756105
1305031105.311290026 -0.073122357 -0.086477445 0.019162978 -0.019597953 0.030333161 0.026373224 0.998999636
1305031105.343302011 -0.060286069 -0.083305642 0.038575723 -0.027952893 0.020911415 0.027001110 0.999025670
1305031105.375338078 -0.047182720 -0.082770963 0.054826557 -0.034958198 0.012459411 0.024354552 0.999014286
1305031105.411286116 -0.041181731 -0.084852876 0.065411179 -0.040751371 0.009071992 0.025736128 0.998796614
1305031105.443315983 -0.032236814 -0.066836557 0.078537739 -0.039595513 0.003540548 0.022979685 0.998945241
1305031105.475280046 -0.029086458 -0.070860517 0.090853284 -0.047621397 0.000961055 0.021844369 0.998626107
1305031105.511332035 -0.022478440 -0.073969117 0.101287009 -0.054238634 -0.002662753 0.022620314 0.998268201
1305031105.543282032 -0.022625279 -0.066705523 0.110176603 -0.056752569 -0.003339818 0.019702770 0.998188255
1305031105.575448990 -0.022995568 -0.055453458 0.118265489 -0.056947797 -0.003443927 0.017949022 0.998209858
1305031105.611377954 -0.022714015 -0.045288607 0.125916946 -0.056614257 -0.003909406 0.016262496 0.998256016
1305031105.643273115 -0.020592036 -0.030674231 0.149250911 -0.056356166 -0.005123286 0.016378912 0.998263225
1305031105.675165892 -0.020592036 -0.030674231 0.149250911 -0.056356166 -0.005123286 0.016378912 0.998263225
1305031105.711308956 -0.020373443 -0.024978083 0.162550318 -0.056165279 -0.005593222 0.017180620 0.998257985
1305031105.743311882 -0.023161442 -0.021188536 0.175182138 -0.054690312 -0.003646559 0.016319553 0.998363333
1305031105.775338888 -0.028151495 -0.015600125 0.186237220 -0.052826499 -0.000699299 0.015771676 0.998478906
1305031105.811283112 -0.033301087 -0.011137282 0.199923455 -0.051967603 0.002746922 0.014123988 0.998545109
1305031105.843271017 -0.040498549 -0.007091378 0.211089842 -0.050397518 0.006903787 0.013934615 0.998608159
1305031105.875336885 -0.041637317 -0.005359369 0.223442549 -0.049977610 0.008214425 0.014169463 0.998616036
1305031105.911262035 -0.047102599 0.000788217 0.236778025 -0.048110846 0.012190229 0.013352443 0.998678355
1305031105.943272114 -0.048661915 0.010875244 0.245038461 -0.048059302 0.013971317 0.012863636 0.998663924
1305031105.975328922 -0.050740432 0.019742628 0.253612334 -0.047957468 0.015729707 0.009853898 0.998676904
1305031106.011285067 -0.049179717 0.019219526 0.264395951 -0.053542726 0.015434799 0.008181232 0.998412746
1305031106.043354988 -0.049524026 0.024806206 0.273483497 -0.056817221 0.016150119 0.007566336 0.998225289
1305031106.075330019 -0.048929827 0.023433219 0.284043494 -0.063608892 0.016491238 0.007916130 0.997807237
1305031106.111326933 -0.049324300 0.022951519 0.294305958 -0.068898982 0.016786129 0.007028290 0.997457648
1305031106.143354893 -0.050491513 0.024023806 0.307025108 -0.073777383 0.017115229 0.006971156 0.997103490
1305031106.175534010 -0.051150427 0.019764343 0.318295704 -0.082518913 0.017025621 0.009009268 0.996403327
1305031106.211275101 -0.049832304 0.019658354 0.327015095 -0.087528978 0.015750618 0.009256796 0.995994432
1305031106.243267059 -0.047964812 0.018055718 0.333996936 -0.092391139 0.014333534 0.009240973 0.995576733
1305031106.276385069 -0.046448702 0.020620895 0.340164930 -0.092947057 0.013268245 0.011836629 0.995512276
1305031106.311238050 -0.045810974 0.023604739 0.347259857 -0.093927564 0.012505512 0.013055988 0.995414871
1305031106.343257904 -0.043072904 0.025018000 0.352790475 -0.097475541 0.010667842 0.014238693 0.995078879
1305031106.375387907 -0.042053415 0.025669983 0.358154185 -0.102504056 0.009740075 0.014368814 0.994581111
1305031106.411319971 -0.045122089 0.019817777 0.363988347 -0.112746362 0.011529351 0.010317385 0.993503338
1305031106.443278074 -0.049845272 0.013782263 0.366308377 -0.119038212 0.015401518 0.005687577 0.992753922
1305031106.475344896 -0.054967305 0.009166400 0.365863061 -0.120973226 0.019230790 0.003707200 0.992462549
1305031106.511128902 -0.055205028 0.005851184 0.363058052 -0.121280383 0.018469453 0.002442562 0.992443440
1305031106.543302059 -0.052897092 0.002221248 0.357941684 -0.120695820 0.015969141 0.002733480 0.992557320
1305031106.575282097 -0.049119080 0.003774977 0.347311938 -0.116183598 0.012683619 0.001579177 0.993145510
1305031106.611150980 -0.049445941 0.002080018 0.338956641 -0.112921922 0.012126114 0.001202770 0.993529139
1305031106.643207073 -0.047382656 -0.001555343 0.330872105 -0.113038235 0.009865373 0.000262642 0.993541626
1305031106.675278902 -0.046630602 -0.007269449 0.321356785 -0.113144256 0.008631031 -0.001348376 0.993540168
1305031106.711508036 -0.043604806 -0.010043997 0.310736532 -0.110482510 0.005936932 -0.001712366 0.993858861
1305031106.743340969 -0.041025570 -0.014979709 0.301230784 -0.111439931 0.002964899 0.000089887 0.993766745
1305031106.775389910 -0.033296356 -0.016965504 0.289388724 -0.109263040 -0.002937026 0.001404135 0.994007540
1305031106.811289072 -0.028029168 -0.019782782 0.277771470 -0.106826504 -0.006862937 0.002823390 0.994249982
1305031106.843415976 -0.028029168 -0.019782782 0.277771470 -0.106826504 -0.006862937 0.002823390 0.994249982
1305031106.875905037 -0.026461623 -0.027992477 0.265678316 -0.107322124 -0.008924947 0.004478630 0.994174154
1305031106.911242962 -0.024472630 -0.029370983 0.246563538 -0.101814662 -0.011106799 0.000587256 0.994741207
1305031106.943439007 -0.027417986 -0.027413688 0.229333124 -0.096341780 -0.009773293 -0.002279257 0.995297719
1305031106.975547075 -0.030245402 -0.034866241 0.212470577 -0.095009906 -0.008756382 -0.007297085 0.995411069
1305031107.011575937 -0.035711771 -0.040624899 0.191938628 -0.089994972 -0.005593878 -0.010657864 0.995869481
1305031107.043281078 -0.042031050 -0.035473073 0.170907693 -0.081559890 -0.002630075 -0.015389018 0.996546158
1305031107.075432062 -0.047597074 -0.039221177 0.155268921 -0.081017800 0.000046864 -0.017780827 0.996554041
1305031107.111228943 -0.051011463 -0.045610167 0.139675120 -0.077271564 0.001179279 -0.018163524 0.996843920
1305031107.143260002 -0.049381939 -0.048108074 0.123312572 -0.073038467 0.000335653 -0.017964187 0.997167267
1305031107.175399065 -0.051448926 -0.048945099 0.108619325 -0.070588815 0.000955076 -0.020128866 0.997301928
1305031107.211358070 -0.052245362 -0.058748886 0.095162346 -0.071084171 0.001650670 -0.020489573 0.997258489
1305031107.243377924 -0.056445785 -0.066713037 0.081770892 -0.067466860 0.003608766 -0.019878475 0.997516940
1305031107.275398016 -0.062137955 -0.068490107 0.068697389 -0.062430463 0.006429174 -0.019569725 0.997836725
1305031107.311225891 -0.066321918 -0.073207796 0.056196072 -0.057694481 0.008691041 -0.020012023 0.998095853
1305031107.343508959 -0.074838247 -0.082578723 0.041909174 -0.053003247 0.012605611 -0.021222274 0.998289221
1305031107.375412941 -0.083231946 -0.103315519 0.032642567 -0.047819679 0.015765199 -0.022152933 0.998485846
1305031107.411271095 -0.089553645 -0.102648840 0.019846369 -0.040662845 0.019193850 -0.021344747 0.998760497
1305031107.443418980 -0.093213207 -0.103754055 0.012706958 -0.035437596 0.021503838 -0.020931217 0.998921241
1305031107.475377083 -0.096161766 -0.109293212 0.010015184 -0.032846093 0.023582087 -0.020984602 0.998961794
1305031107.511352062 -0.102293330 -0.111442022 0.003728850 -0.032232675 0.027285337 -0.020281802 0.998902004
1305031107.543605089 -0.102625574 -0.107877895 0.000135237 -0.031038920 0.028294045 -0.020481852 0.998907666
1305031107.575453997 -0.100775988 -0.105590219 0.001036360 -0.031350138 0.028713922 -0.019397358 0.998907614
1305031107.611270905 -0.098799989 -0.105522781 -0.000744250 -0.031359749 0.028846410 -0.018638612 0.998917941
1305031107.643322945 -0.098260729 -0.101254735 -0.000320006 -0.030592649 0.029217605 -0.017788575 0.998946439
1305031107.675568104 -0.096060706 -0.094521050 0.002716217 -0.030001801 0.028972276 -0.017174970 0.998982242
1305031107.711307049 -0.095071159 -0.091825162 0.005949962 -0.029649207 0.028724502 -0.016317216 0.999014302
1305031107.743537903 -0.094738770 -0.088554099 0.010057320 -0.029322629 0.028587239 -0.015806427 0.999036090
1305031107.775801897 -0.093441582 -0.081156881 0.014143596 -0.028937138 0.027766273 -0.014491255 0.999090426
1305031107.811595917 -0.091703764 -0.077844020 0.017961286 -0.029084632 0.026419515 -0.014143013 0.999127654
1305031107.843332052 -0.089735853 -0.074510338 0.023527593 -0.028896410 0.025709461 -0.013860474 0.999155598
1305031107.875358105 -0.089476562 -0.071649068 0.027209818 -0.028991529 0.025775142 -0.013409521 0.999157304
1305031107.911540985 -0.090943907 -0.070281404 0.029436786 -0.028867721 0.026528930 -0.014275902 0.999129155
1305031107.943121910 -0.094896635 -0.069229718 0.029839777 -0.028326536 0.028678644 -0.015871345 0.999061181
1305031107.975806952 -0.098738931 -0.068526618 0.028657466 -0.027398007 0.030903940 -0.017131380 0.998999906
1305031108.011320114 -0.104723259 -0.072981398 0.025620185 -0.028853926 0.034679726 -0.016933310 0.998838341
1305031108.043417931 -0.105907355 -0.071037907 0.024862703 -0.026318183 0.037391779 -0.020603733 0.998741555
1305031108.075351954 -0.116876702 -0.068111873 0.022377984 -0.025280099 0.045259669 -0.018562993 0.998482796
1305031108.111377954 -0.126443816 -0.067558253 0.021737749 -0.024883096 0.054969143 -0.014498063 0.998072658
1305031108.143333912 -0.137440283 -0.065675252 0.020210554 -0.023865514 0.062528754 -0.012202217 0.997683165
1305031108.176058054 -0.134642782 -0.064353625 0.021139190 -0.023180059 0.063656404 -0.012137368 0.997628804
1305031108.211474895 -0.132315327 -0.059050537 0.025805587 -0.022536874 0.064467881 -0.011129820 0.997603182
1305031108.243346930 -0.125791902 -0.053642072 0.024681145 -0.024307761 0.063824048 -0.009514120 0.997619720
1305031108.275357962 -0.121402574 -0.053334464 0.027534047 -0.024194610 0.064029943 -0.010233205 0.997602160
1305031108.311331987 -0.120212396 -0.050854459 0.030311642 -0.023666758 0.065426659 -0.010423821 0.997522221
1305031108.343277931 -0.114809928 -0.043920931 0.030687845 -0.024592816 0.064788078 -0.008383494 0.997560733
1305031108.375410080 -0.110082080 -0.046789806 0.031854403 -0.031012579 0.063658310 -0.006399028 0.997469244
1305031108.411360979 -0.098200020 -0.046068776 0.034552930 -0.034703218 0.059672586 0.000101500 0.997614584
1305031108.443609953 -0.088042773 -0.046944364 0.037736063 -0.038413381 0.056132437 0.006702140 0.997661587
1305031108.475471020 -0.078574709 -0.048520363 0.041255697 -0.041648153 0.053304552 0.012948840 0.997625372
1305031108.511378050 -0.069268299 -0.052230405 0.042366008 -0.045090584 0.050894774 0.019048088 0.997503750
1305031108.543736935 -0.065442391 -0.054331322 0.041559403 -0.045420724 0.052048505 0.021473606 0.997379965
1305031108.575413942 -0.073638708 -0.049515799 0.041443271 -0.040598620 0.060060737 0.024590655 0.997065574
1305031108.611407042 -0.077503127 -0.042877581 0.040528218 -0.037250264 0.064005832 0.023709251 0.996972188
1305031108.643302917 -0.075155011 -0.041076842 0.041008063 -0.036728211 0.066569547 0.025221794 0.996786534
1305031108.675374985 -0.080551745 -0.040016257 0.044350753 -0.036494533 0.072188365 0.027291232 0.996349425
1305031108.711410999 -0.079278992 -0.038668677 0.048561860 -0.037162669 0.075531114 0.030432493 0.995985868
1305031108.743501902 -0.085490385 -0.044455008 0.050386248 -0.041769887 0.083107910 0.039308908 0.994888517
1305031108.775492907 -0.086155796 -0.045312463 0.052992842 -0.042191793 0.085941308 0.041897045 0.994524299
1305031108.811244011 -0.087160141 -0.044699519 0.055080312 -0.042395580 0.088940975 0.044313284 0.994147097
1305031108.843264103 -0.086127665 -0.045944834 0.057070386 -0.042902124 0.090811310 0.047229106 0.993821979
1305031108.943243027 -0.075888985 -0.047497890 0.051129257 -0.039750311 0.086106041 0.056497625 0.993888163
1305031108.975267887 -0.075888985 -0.047497890 0.051129257 -0.039750311 0.086106041 0.056497625 0.993888163
1305031109.011269093 -0.074450189 -0.043105246 0.046888298 -0.037100928 0.082886601 0.054606742 0.994369869
1305031109.043277025 -0.069963147 -0.043996121 0.045392142 -0.037658784 0.079724628 0.053713018 0.994656077
1305031109.075409889 -0.074719780 -0.041113519 0.042910533 -0.036435876 0.080439651 0.051527429 0.994759676
1305031109.111282110 -0.071973115 -0.036847775 0.041706400 -0.035904506 0.077194151 0.049548114 0.995136631
1305031109.143333912 -0.071229981 -0.043753208 0.042107276 -0.040912820 0.075247365 0.045314402 0.995294218
1305031109.175463915 -0.069976656 -0.042959659 0.040406948 -0.040696810 0.072810067 0.044579302 0.995517529
1305031109.211379051 -0.062832994 -0.036383546 0.038937206 -0.039593792 0.065999494 0.040721279 0.996201875
1305031109.243289948 -0.059271509 -0.028430731 0.038406535 -0.040839374 0.061868674 0.043513525 0.996298643
1305031109.275307894 -0.056575039 -0.034012719 0.038594005 -0.048490004 0.058913309 0.047086815 0.995972275
1305031109.311328888 -0.055295454 -0.037621956 0.037336993 -0.050076530 0.056375721 0.049354693 0.995930838
1305031109.343247890 -0.050997572 -0.036595317 0.035360073 -0.049254873 0.049700571 0.048428422 0.996372671
1305031109.375396967 -0.044458003 -0.034656844 0.035595888 -0.050212175 0.043110235 0.047235504 0.996689045
1305031109.411329031 -0.039652305 -0.033478176 0.035207223 -0.050869363 0.037646581 0.046447395 0.996914080
1305031109.443301916 -0.038863700 -0.033850057 0.034861949 -0.051285772 0.034979770 0.045468455 0.997035007
1305031109.475363016 -0.040156641 -0.036818034 0.035203084 -0.055106045 0.032452639 0.039389018 0.997175338
1305031109.511272907 -0.043849938 -0.040762097 0.036097356 -0.057651053 0.032495963 0.036773309 0.997129927
1305031109.543293953 -0.048348577 -0.042101710 0.033559233 -0.057544723 0.032243761 0.034976136 0.997208912
1305031109.575361967 -0.050107885 -0.041872163 0.029893600 -0.056625425 0.031510340 0.033407697 0.997338752
1305031109.611310005 -0.055581567 -0.042222970 0.028669745 -0.056594872 0.032184291 0.032414539 0.997351738
1305031109.643229008 -0.059268773 -0.041149363 0.028489491 -0.056168220 0.031998106 0.031429821 0.997413364
1305031109.675262928 -0.060911099 -0.039488471 0.028999672 -0.055812944 0.031310792 0.030944123 0.997470306
1305031109.711312056 -0.064291986 -0.038215948 0.030575248 -0.056296438 0.031289362 0.032137834 0.997406059
1305031109.743273973 -0.067521141 -0.032051316 0.034199290 -0.054999571 0.030533888 0.030206136 0.997562188
1305031109.775276899 -0.065165484 -0.032546648 0.033940794 -0.058862478 0.027970689 0.026596862 0.997519652
1305031109.811371088 -0.068469565 -0.030163134 0.038554131 -0.058825202 0.027840020 0.026110480 0.997538356
1305031109.843296051 -0.073845333 -0.027974446 0.042903990 -0.058899252 0.028445799 0.025487304 0.997533013
1305031109.875305891 -0.077360413 -0.028417878 0.048882384 -0.060628978 0.028248702 0.025443387 0.997436099
1305031109.911264896 -0.078225145 -0.027922400 0.054219479 -0.062303618 0.026570347 0.023996392 0.997414883
1305031109.943299055 -0.076794488 -0.029923640 0.058744442 -0.063379519 0.023449147 0.021954017 0.997472403
1305031109.975258112 -0.079986673 -0.029153967 0.065169268 -0.064744369 0.022750890 0.018339130 0.997473929
1305031110.011255980 -0.080069923 -0.037941754 0.068955256 -0.072101572 0.020648572 0.013444400 0.997092898
1305031110.043298960 -0.079399855 -0.042842488 0.073724033 -0.076089834 0.018193491 0.008079920 0.996902226
1305031110.075319052 -0.082401345 -0.046040043 0.078883014 -0.079777066 0.017599511 0.002639008 0.996653858
1305031110.111325026 -0.083509156 -0.048961370 0.082629353 -0.083730637 0.016075559 -0.002104508 0.996356526
1305031110.143431902 -0.081397094 -0.059073493 0.088603317 -0.091292353 0.012876627 -0.005390337 0.995726289
1305031110.175641060 -0.082348014 -0.061859205 0.094461174 -0.092557059 0.010623893 -0.005676091 0.995634524
1305031110.211637020 -0.084082537 -0.060343809 0.099967195 -0.093243412 0.008495893 -0.006497511 0.995585892
1305031110.243323088 -0.088788530 -0.065410778 0.106409442 -0.096597379 0.008539659 -0.004835415 0.995275158
1305031110.279320955 -0.086056374 -0.067081300 0.106231957 -0.097014243 0.004911761 -0.004087921 0.995262478
1305031110.311403990 -0.082489591 -0.066082324 0.102983175 -0.096046057 0.001342767 -0.005270623 0.995362031
1305031110.343354940 -0.079104142 -0.063703681 0.099409421 -0.094294103 -0.002388872 -0.006809906 0.995518227
1305031110.379281044 -0.078895046 -0.061632294 0.097099633 -0.093501830 -0.005017387 -0.007086619 0.995581244
1305031110.411468983 -0.074273295 -0.061647508 0.095698636 -0.093076743 -0.009478753 -0.009215033 0.995571171
1305031110.443259954 -0.076651065 -0.055589524 0.096241462 -0.091025514 -0.011477516 -0.012308409 0.995706345
1305031110.479331017 -0.084540673 -0.056768081 0.106509155 -0.092999360 -0.012368695 -0.014287976 0.995486810
1305031110.511429071 -0.090266137 -0.060965645 0.112094668 -0.094549374 -0.013656387 -0.015805446 0.995301013
1305031110.543407917 -0.088797525 -0.060423527 0.114021088 -0.094062659 -0.016754675 -0.017943784 0.995263542
1305031110.579426050 -0.093968108 -0.053908668 0.119220726 -0.092575661 -0.017705536 -0.019919231 0.995348926
1305031110.611306906 -0.086571717 -0.056697959 0.121190194 -0.097821989 -0.023470543 -0.026432650 0.994575943
1305031110.643418074 -0.091867895 -0.063113707 0.129882639 -0.100677749 -0.023641939 -0.027543967 0.994256697
1305031110.679605961 -0.093075848 -0.060988272 0.126822511 -0.099434855 -0.024256228 -0.029555076 0.994309229
1305031110.711411953 -0.098676155 -0.056141335 0.129820165 -0.098276879 -0.023740845 -0.030740365 0.994400853
1305031110.743248940 -0.105833049 -0.061135085 0.138147766 -0.100562292 -0.022640487 -0.029774622 0.994227391
1305031110.779192924 -0.107963462 -0.063019642 0.138937403 -0.101108235 -0.022636066 -0.029974056 0.994166128
1305031110.811386108 -0.108573256 -0.061734189 0.139055804 -0.100675221 -0.022823404 -0.030700647 0.994183616
1305031110.843218088 -0.114044088 -0.060577356 0.142653892 -0.100579133 -0.021645244 -0.031552008 0.994193036
1305031110.879312992 -0.116104838 -0.064107940 0.146254545 -0.101892717 -0.021545951 -0.030957755 0.994080109
1305031110.911333084 -0.113533884 -0.063692897 0.144480006 -0.101760509 -0.022373250 -0.030957382 0.994075388
1305031110.943861961 -0.112854334 -0.063840226 0.146180734 -0.102011331 -0.022781104 -0.030736294 0.994047277
1305031110.979345083 -0.109767866 -0.063022005 0.145052583 -0.101844605 -0.023582309 -0.030584479 0.994050371
1305031111.011430979 -0.110771456 -0.059805119 0.148262121 -0.101378245 -0.022877756 -0.030605018 0.994113873
1305031111.043327093 -0.118576080 -0.064504503 0.151953266 -0.104104790 -0.017896152 -0.026056292 0.994063876
1305031111.079282999 -0.119370032 -0.064143295 0.152379134 -0.104463921 -0.016426733 -0.025041805 0.994077643
1305031111.111507893 -0.119459841 -0.067366101 0.157860709 -0.106663949 -0.015197051 -0.021670942 0.993942766
1305031111.143256903 -0.114005820 -0.070789795 0.159266094 -0.108204559 -0.015745868 -0.019685148 0.993809004
1305031111.179326057 -0.109602645 -0.070355515 0.155127047 -0.107877249 -0.016072727 -0.019481691 0.993843363
1305031111.211432934 -0.103479590 -0.070095246 0.151864402 -0.107676322 -0.016074992 -0.019016666 0.993874122
1305031111.243236065 -0.102540217 -0.070628754 0.151985719 -0.108036311 -0.014503002 -0.018495292 0.993869077
1305031111.279308081 -0.098352078 -0.074184802 0.149970139 -0.109175990 -0.014812423 -0.016892818 0.993768498
1305031111.311547041 -0.084910253 -0.072170020 0.139714421 -0.106954987 -0.017291208 -0.017305794 0.993962854
1305031111.343396902 -0.079203948 -0.066851784 0.135597258 -0.105491150 -0.017531968 -0.016181945 0.994133991
1305031111.379133940 -0.076027251 -0.074919806 0.140112713 -0.109512155 -0.018183430 -0.012879624 0.993735662
1305031111.411295891 -0.058007396 -0.077711207 0.133944364 -0.109950909 -0.022842539 -0.010939005 0.993614288
1305031111.443386078 -0.053612835 -0.073211976 0.126272866 -0.107085241 -0.023425720 -0.010438155 0.993919027
1305031111.479259014 -0.048436111 -0.072502655 0.124864483 -0.106509945 -0.024735847 -0.011668877 0.993935414
1305031111.511264086 -0.044174963 -0.072732159 0.119500632 -0.105944995 -0.022570765 -0.011848846 0.994045182
1305031111.543250084 -0.051283665 -0.073879519 0.111016142 -0.105630509 -0.013100278 -0.009937358 0.994269494
1305031111.579236984 -0.043644360 -0.074813162 0.103465202 -0.104291843 -0.013097657 -0.010867366 0.994401108
1305031111.611270905 -0.037753397 -0.071385854 0.096762653 -0.102879912 -0.012271419 -0.010633520 0.994561242
1305031111.643394947 -0.029948206 -0.078288145 0.095183699 -0.106155045 -0.012936302 -0.005617013 0.994249570
1305031111.679320097 -0.022001410 -0.080366843 0.089649266 -0.103765175 -0.013568190 0.002209510 0.994506818
1305031111.711760044 -0.025330828 -0.070855825 0.082372073 -0.098550897 -0.003167010 0.010785126 0.995068526
1305031111.743386030 -0.035891480 -0.072491414 0.080265406 -0.098889754 0.004916284 0.010882925 0.995026738
1305031111.779422998 -0.047315288 -0.072600199 0.076036500 -0.096319456 0.018728937 0.016377923 0.995039473
1305031111.811405897 -0.072408337 -0.063814599 0.065993681 -0.093466300 0.039461951 0.022567698 0.994584086
1305031111.843298912 -0.089237229 -0.063158603 0.059839303 -0.093459432 0.054658450 0.029280143 0.993690325
1305031111.879441977 -0.089320750 -0.055886272 0.055151052 -0.089752748 0.057649402 0.028803759 0.993876921
1305031111.911354065 -0.089345794 -0.055403885 0.055404115 -0.089876985 0.059399880 0.029996076 0.993727335
1305031111.943300009 -0.080022682 -0.056853425 0.051939701 -0.090072048 0.056630251 0.033914912 0.993745349
1305031111.979449034 -0.069560275 -0.055010645 0.050310230 -0.087921798 0.053294609 0.041887592 0.993818329
1305031112.011432886 -0.061638717 -0.051357515 0.045677764 -0.086662568 0.052326162 0.045154301 0.993837341
1305031112.043270111 -0.066586011 -0.051920571 0.042406715 -0.085568411 0.056917386 0.043426553 0.993756808
1305031112.079339027 -0.068326877 -0.048903694 0.038250648 -0.082896359 0.060444079 0.041088667 0.993874453
1305031112.111423016 -0.077409593 -0.049519251 0.036894149 -0.082406908 0.070021268 0.041661974 0.993262505
1305031112.144341946 -0.081094610 -0.049464836 0.036938733 -0.081454859 0.073870876 0.039806830 0.993138266
1305031112.179389954 -0.083391572 -0.047220657 0.036459093 -0.081035913 0.077328391 0.037108937 0.993013810
1305031112.211253881 -0.093172317 -0.050315353 0.037238144 -0.084292596 0.085441752 0.034447236 0.992173298
1305031112.243369102 -0.102224173 -0.057814572 0.038805071 -0.085944802 0.093760245 0.033733662 0.991304468
1305031112.279352903 -0.109110026 -0.059558856 0.038414844 -0.082811082 0.101935679 0.032567464 0.990803110
1305031112.311311960 -0.113892605 -0.061289510 0.037915699 -0.080427740 0.106942758 0.030525804 0.990536622
1305031112.343322992 -0.112892320 -0.059422036 0.035521868 -0.075436776 0.108664158 0.032692404 0.990672802
1305031112.379359961 -0.110579582 -0.055998157 0.033988391 -0.070474215 0.109210432 0.034552955 0.990915012
1305031112.411442041 -0.106861250 -0.053840506 0.032888607 -0.067549491 0.108721348 0.038668641 0.991020419
1305031112.443391085 -0.101686298 -0.054345670 0.030637266 -0.067240625 0.107469760 0.040572952 0.991101803
1305031112.479418039 -0.099003847 -0.055800813 0.030406938 -0.066365225 0.107971293 0.044198113 0.990951252
1305031112.511503935 -0.097264016 -0.055500600 0.028941044 -0.065027049 0.108294277 0.048791185 0.990789207
1305031112.543211937 -0.092861309 -0.057726677 0.029400399 -0.064825289 0.107133278 0.050831010 0.990826095
1305031112.579252005 -0.091464935 -0.058110458 0.028014300 -0.064227652 0.106639226 0.052432549 0.990834856
1305031112.611260891 -0.087705470 -0.058513059 0.027146641 -0.063906762 0.105613271 0.054788347 0.990838029
1305031112.643245935 -0.083855671 -0.057578573 0.028464814 -0.063991610 0.106184791 0.056514597 0.990674500
1305031112.679951906 -0.090463086 -0.060381180 0.034234611 -0.065817380 0.114398671 0.063174970 0.989237049
1305031112.711251020 -0.089484178 -0.060709908 0.037665686 -0.066311526 0.117132043 0.065332244 0.988743932
1305031112.743244886 -0.090952374 -0.058194737 0.041169328 -0.065894001 0.120098655 0.066775628 0.988319437
1305031112.779309988 -0.093941067 -0.059510530 0.042306026 -0.071052568 0.122977417 0.071162536 0.987301363
1305031112.811310053 -0.094132964 -0.069615386 0.045049327 -0.078949640 0.124438243 0.075347130 0.986207325
1305031112.843286037 -0.093851059 -0.069263558 0.047642688 -0.079239106 0.124009221 0.075103997 0.986256694
1305031112.879420996 -0.085282276 -0.063777007 0.048402308 -0.078552501 0.118040353 0.073926653 0.987132630
1305031112.911411047 -0.082319553 -0.065188515 0.048605827 -0.081813475 0.116041994 0.074740176 0.987043422
1305031112.943320990 -0.082319553 -0.065188515 0.048605827 -0.081813475 0.116041994 0.074740176 0.987043422
1305031112.979278088 -0.076605920 -0.065242726 0.047505259 -0.082855038 0.110913852 0.073027089 0.987674139
1305031113.011353016 -0.071745774 -0.064467614 0.046184633 -0.083103360 0.106204852 0.071377897 0.988291231
1305031113.043231010 -0.068398725 -0.061766878 0.045403162 -0.082947857 0.103149321 0.070202367 0.988712040
1305031113.079251051 -0.067496904 -0.061676497 0.044636382 -0.084448507 0.101564963 0.069918584 0.988769134
1305031113.111315966 -0.066392060 -0.062901973 0.041854098 -0.084280481 0.098624907 0.067578182 0.989243710
1305031113.143306017 -0.066147811 -0.054464215 0.038828216 -0.080495606 0.094816559 0.063247760 0.990217147
1305031113.179342985 -0.065653280 -0.051646029 0.038811516 -0.080653092 0.092510197 0.061737977 0.990517725
1305031113.211258888 -0.066674401 -0.054340143 0.038429797 -0.081845039 0.091040280 0.062705216 0.990495388
1305031113.243227005 -0.065695331 -0.050301615 0.034483826 -0.079626623 0.087160093 0.063165027 0.990995912
1305031113.279311895 -0.061067604 -0.048826568 0.033225669 -0.080320590 0.082663001 0.063841210 0.991281862
1305031113.311451912 -0.055064279 -0.051417737 0.031308686 -0.080917014 0.077016791 0.064171568 0.991666708
1305031113.343251944 -0.052390447 -0.051221851 0.027733965 -0.076857179 0.072251184 0.067133664 0.992152111
1305031113.379312038 -0.045645776 -0.046897823 0.026136193 -0.073540521 0.065050656 0.066682034 0.992931876
1305031113.411624908 -0.042124079 -0.045296610 0.029059337 -0.073825503 0.059474063 0.064608046 0.993397419
1305031113.443265915 -0.037973480 -0.048506442 0.027682889 -0.074212981 0.053227111 0.062509495 0.993857068
1305031113.479310989 -0.035709428 -0.045080189 0.029901755 -0.072875036 0.047632998 0.057519952 0.994540991
1305031113.511523008 -0.031310212 -0.045895566 0.031710240 -0.075855050 0.041424877 0.050958483 0.994953880
1305031113.543241978 -0.029927738 -0.049712738 0.035940534 -0.078765298 0.037907289 0.050183642 0.994907366
1305031113.579301119 -0.029402323 -0.050600370 0.038059284 -0.079068809 0.034615890 0.049017108 0.995061398
1305031113.611268044 -0.024615070 -0.050359399 0.041933975 -0.079052401 0.029367280 0.045562723 0.995395559
1305031113.643222094 -0.019935489 -0.045183965 0.041328631 -0.078943383 0.024501147 0.037442477 0.995874338
1305031113.679287910 -0.025484063 -0.048199918 0.045042383 -0.080923118 0.025254942 0.033496383 0.995837150
1305031113.711930990 -0.031616482 -0.049295216 0.047501284 -0.081480326 0.026236977 0.030194368 0.995871918
1305031113.743590117 -0.037781160 -0.050443205 0.049011891 -0.081494178 0.027518337 0.026142489 0.995950807
1305031113.779320002 -0.044534244 -0.051172477 0.051163511 -0.081307211 0.029243717 0.022977264 0.995994974
1305031113.811237097 -0.052406197 -0.051688685 0.052559004 -0.080774339 0.031036766 0.020759201 0.996032771
1305031113.843295097 -0.054930436 -0.051338467 0.053150776 -0.080359865 0.031075630 0.019538572 0.996089776
1305031113.879281044 -0.062787013 -0.052179681 0.056935849 -0.080955643 0.032991124 0.016166019 0.996040375
1305031113.911289930 -0.063807563 -0.052701697 0.055849403 -0.079993594 0.031913685 0.014949535 0.996172200
1305031113.943290949 -0.063304977 -0.052019709 0.051784233 -0.079427735 0.030719045 0.015083762 0.996253008
1305031113.979293108 -0.068338404 -0.051643730 0.049725517 -0.078501616 0.031890060 0.013661161 0.996310139
1305031114.011256933 -0.074701164 -0.051819180 0.048865091 -0.077042649 0.033032559 0.010147497 0.996428777
1305031114.043301105 -0.077387372 -0.052088934 0.047631451 -0.076352104 0.032412519 0.008928536 0.996513957
1305031114.079284906 -0.074694951 -0.053093259 0.045808478 -0.076162503 0.028846680 0.008364719 0.996642952
1305031114.111263037 -0.069417332 -0.052091236 0.042482190 -0.074992780 0.023572409 0.008245509 0.996871324
1305031114.143284082 -0.065813706 -0.048591510 0.043228463 -0.073223735 0.018353779 0.005232717 0.997132911
1305031114.179337025 -0.066634588 -0.048033824 0.044378880 -0.072652541 0.015948116 0.003676258 0.997223020
1305031114.211302996 -0.064994200 -0.048834983 0.040882654 -0.071852647 0.014326591 0.002464131 0.997309317
1305031114.243336916 -0.072932322 -0.045786069 0.043777540 -0.071101863 0.015215084 0.000238183 0.997352981
1305031114.279390097 -0.077360985 -0.045991028 0.050096994 -0.071330585 0.013178899 -0.001667490 0.997364268
1305031114.311429024 -0.072533582 -0.047188383 0.052831430 -0.071391046 0.006792817 -0.003135521 0.997420345
1305031114.343331099 -0.063138877 -0.044745451 0.058703137 -0.070563463 -0.001337341 -0.005784815 0.997489622
1305031114.379319906 -0.066676341 -0.044296107 0.063524071 -0.070151811 -0.003184086 -0.008857784 0.997491917
1305031114.411396980 -0.072042811 -0.043815499 0.066017953 -0.069783388 -0.003421408 -0.011148161 0.997494006
1305031114.443345070 -0.077625675 -0.045521275 0.067523790 -0.069873596 -0.003550247 -0.012527882 0.997470866
1305031114.479331970 -0.075226032 -0.046177349 0.070352840 -0.069785510 -0.007065412 -0.014079743 0.997437629
1305031114.511265993 -0.067849240 -0.043356297 0.072173432 -0.068438516 -0.013986699 -0.016392638 0.997422590
1305031114.543236017 -0.063815475 -0.039584395 0.078229812 -0.067038651 -0.019868266 -0.020788681 0.997335902
1305031114.579236984 -0.062919158 -0.040756020 0.084082287 -0.067858626 -0.021459802 -0.020822822 0.997246757
1305031114.611391068 -0.063104154 -0.040775061 0.086488174 -0.068243764 -0.021892994 -0.020051480 0.997226867
1305031114.644135952 -0.068053798 -0.036916558 0.094140188 -0.068267480 -0.021319847 -0.019470458 0.997249175
1305031114.679250956 -0.072555691 -0.040202749 0.102428872 -0.071008614 -0.021579407 -0.019211279 0.997057186
1305031114.711306095 -0.066722805 -0.043761621 0.106346562 -0.072202274 -0.025375074 -0.019595006 0.996874602
1305031114.743200064 -0.059889192 -0.043121604 0.104393119 -0.071831827 -0.028184738 -0.020248699 0.996812821
1305031114.779289007 -0.060367392 -0.042464555 0.100479845 -0.071163445 -0.028733994 -0.022137518 0.996804922
1305031114.811302900 -0.060971459 -0.039189600 0.094517170 -0.069901651 -0.028518631 -0.023630170 0.996866120
1305031114.843208075 -0.063743567 -0.038982017 0.096824469 -0.070074417 -0.027933779 -0.023829269 0.996865811
1305031114.879281044 -0.063547233 -0.037125071 0.096426810 -0.069565143 -0.028162488 -0.024478735 0.996879309
1305031114.912878990 -0.061879892 -0.035610181 0.097910137 -0.069413309 -0.028453645 -0.024095418 0.996890964
1305031114.943233967 -0.063879778 -0.031758111 0.101756681 -0.068847072 -0.027842349 -0.024810278 0.996929955
1305031114.979279995 -0.069397223 -0.029702055 0.110878716 -0.069007940 -0.026145313 -0.025439279 0.996948930
1305031115.011300087 -0.076514001 -0.026115583 0.119915753 -0.069108719 -0.023815552 -0.025865697 0.996989353
1305031115.043508053 -0.070403562 -0.023267044 0.113103286 -0.075146354 -0.024199175 -0.026254181 0.996533062
1305031115.079237938 -0.073789665 -0.025381495 0.122979873 -0.076840784 -0.022280297 -0.025416271 0.996470318
1305031115.111229897 -0.079395148 -0.023025349 0.132171744 -0.077093337 -0.019375887 -0.025130525 0.996518765
1305031115.143275023 -0.088036942 -0.025834776 0.141784722 -0.079299355 -0.013719780 -0.022314068 0.996506629
1305031115.179440022 -0.099894767 -0.028999402 0.145946989 -0.081486649 -0.005430758 -0.018419039 0.996489424
1305031115.211374044 -0.098606269 -0.033823383 0.151244463 -0.083985906 -0.004616126 -0.016160741 0.996325193
1305031115.243297100 -0.087057115 -0.036916301 0.149760888 -0.085222545 -0.006112803 -0.013731793 0.996248558
1305031115.279966116 -0.079285217 -0.033833972 0.143118750 -0.083269126 -0.005869743 -0.010950820 0.996449637
1305031115.311703920 -0.069003212 -0.032674504 0.143474090 -0.083924581 -0.007084317 -0.007775954 0.996416585
1305031115.343235016 -0.058343443 -0.036552967 0.140454685 -0.085276688 -0.007030092 -0.005274770 0.996318544
1305031115.379165888 -0.047874087 -0.031501473 0.135309090 -0.084111923 0.001330583 -0.003517786 0.996449216
1305031115.411237001 -0.045502407 -0.033408389 0.141052218 -0.089714436 0.001507212 0.000468141 0.995966279
1305031115.443159103 -0.037716889 -0.033103545 0.142267249 -0.093502997 -0.000887787 0.006277639 0.995598811
1305031115.479240894 -0.029811508 -0.033538225 0.147442210 -0.095573078 -0.002149719 0.010319255 0.995366605
1305031115.511253119 -0.024145280 -0.033831046 0.152127838 -0.098533702 -0.002591906 0.015032395 0.995016793
1305031115.543603897 -0.021030484 -0.037918633 0.155687163 -0.101226771 0.000316076 0.019481650 0.994672562
1305031115.579314947 0.007266656 -0.036427625 0.151046289 -0.101122617 0.008952657 0.019659783 0.994639412
1305031115.611423969 0.003420526 -0.037853835 0.148455943 -0.101631943 0.015229544 0.020809850 0.994487787
1305031115.643254042 0.006263101 -0.037821704 0.144287705 -0.101367812 0.017487674 0.022892079 0.994431848
1305031115.679240942 0.004022945 -0.035468646 0.138552446 -0.099457683 0.021885442 0.025407264 0.994476580
1305031115.711319923 0.010632054 -0.030656082 0.133205107 -0.096272777 0.021194427 0.032574893 0.994596011
1305031115.743249893 0.015524884 -0.024364065 0.128973694 -0.093634364 0.021585858 0.037082061 0.994681646
1305031115.779424906 0.016995984 -0.023165744 0.125407255 -0.092811157 0.024287241 0.037166974 0.994693337
1305031115.811276913 0.022200673 -0.020206149 0.120532236 -0.091501350 0.025013197 0.037610087 0.994780038
1305031115.843224049 0.022392961 -0.016267346 0.118698694 -0.090470886 0.028411261 0.039383169 0.994714424
1305031115.879198074 0.019155857 -0.017821443 0.119010833 -0.092265645 0.034746396 0.043993581 0.994155070
1305031115.911118031 0.028390328 -0.018236849 0.115920312 -0.092049047 0.033316994 0.047402676 0.994067371
1305031115.943310976 0.036382494 -0.013477451 0.113330120 -0.090141729 0.031890360 0.048037854 0.994258436
1305031115.980740070 0.037050776 -0.009343601 0.114808316 -0.088982388 0.034889924 0.050382736 0.994146070
1305031116.011379004 0.040551923 -0.004983082 0.116767146 -0.088031313 0.036025542 0.050172227 0.994200883
1305031116.043164015 0.043399132 0.001806569 0.117977937 -0.086885134 0.037949235 0.047069825 0.994381849
1305031116.080029964 0.041593716 0.007256194 0.119291698 -0.087109056 0.042231351 0.043925884 0.994333466
1305031116.111299992 0.040917986 0.009631230 0.121923954 -0.090123684 0.046178878 0.044247942 0.993874918
1305031116.143440962 0.037026727 0.013037122 0.125713965 -0.091972817 0.050880519 0.041703868 0.993585910
1305031116.179572105 0.034717835 0.014771385 0.128409392 -0.092991537 0.054844565 0.042630076 0.993240819
1305031116.211298943 0.034360047 0.017760586 0.131095361 -0.092701055 0.057167465 0.043934512 0.993080135
1305031116.243319988 0.035439600 0.019213598 0.133320507 -0.093716407 0.059287065 0.046707173 0.992733962
1305031116.279385090 0.033981330 0.019750776 0.134324373 -0.093779537 0.061841540 0.047407401 0.992538947
1305031116.311336040 0.031044186 0.020958208 0.134749091 -0.093817952 0.066644831 0.049014060 0.992146300
1305031116.343291998 0.031027108 0.021728559 0.134942792 -0.094179192 0.068605740 0.050360151 0.991910978
1305031116.379384041 0.032143929 0.021312998 0.131969657 -0.093569010 0.068959039 0.050830019 0.991920259
1305031116.411333084 0.031385789 0.019306231 0.129561611 -0.092028369 0.069803034 0.051225679 0.991985003
1305031116.443368912 0.034040250 0.020107485 0.128313357 -0.091554738 0.069064780 0.053376599 0.991967099
1305031116.479850054 0.036183135 0.019356304 0.128224979 -0.093102513 0.068636846 0.056119690 0.991701309
1305031116.511204958 0.034861516 0.018049913 0.125819897 -0.092854895 0.069245648 0.056568363 0.991656709
1305031116.543262005 0.032369504 0.016845478 0.123615997 -0.092381019 0.070005137 0.055036610 0.991733835
1305031116.579313040 0.029491438 0.016065025 0.122048316 -0.092172729 0.070771378 0.054314610 0.991738637
1305031116.611260891 0.027887573 0.015455064 0.120722009 -0.092639051 0.070429604 0.052796382 0.991801502
1305031116.643354893 0.024322208 0.012345108 0.120006982 -0.093924347 0.070304952 0.049792897 0.991844795
1305031116.679280996 0.021996407 0.009743223 0.119743712 -0.094445813 0.069441657 0.048324955 0.991928699
1305031116.711633921 0.019763743 0.007001530 0.118014394 -0.096054270 0.067479846 0.044662990 0.992081279
1305031116.743290901 0.018024134 0.003930462 0.117155848 -0.097919247 0.066063590 0.039945195 0.992195447
1305031116.779298067 0.017552318 0.001674476 0.116054190 -0.100147015 0.063674719 0.034567359 0.992331196
1305031116.811317921 0.015124676 -0.002613546 0.115502856 -0.103715631 0.061602646 0.028415090 0.992290665
1305031116.846088886 0.012670275 -0.004918000 0.113333143 -0.104927640 0.059160168 0.023487870 0.992440721
1305031116.880165100 0.016169127 -0.005720523 0.111551810 -0.105137211 0.053058576 0.020732530 0.992824817
1305031116.912044048 0.020311375 -0.007151190 0.111051929 -0.106532809 0.046593074 0.017440731 0.993063778
1305031116.943295956 0.028052243 -0.005699848 0.108781100 -0.106163435 0.038549891 0.014857039 0.993490060
1305031116.979351044 0.030908451 -0.007272619 0.110420463 -0.106835958 0.032558293 0.012321218 0.993667059
1305031117.011382103 0.035222954 -0.005770529 0.111445099 -0.105206560 0.022352272 0.002266941 0.994196568
1305031117.043261051 0.043343104 -0.002871223 0.111924516 -0.103399186 0.011177945 -0.004497077 0.994566960
1305031117.079519987 0.042158046 -0.001807136 0.114468543 -0.103869809 0.007335867 -0.006062419 0.994545371
1305031117.111238003 0.042918071 -0.003689573 0.119175563 -0.105599247 0.003784365 -0.006124078 0.994382710
1305031117.143218040 0.042918071 -0.003689573 0.119175563 -0.105599247 0.003784365 -0.006124078 0.994382710
1305031117.179264069 0.050114042 -0.004778262 0.122681148 -0.107627876 -0.002490952 -0.005856478 0.994170879
1305031117.211360931 0.050114042 -0.004778262 0.122681148 -0.107627876 -0.002490952 -0.005856478 0.994170879
1305031117.243277073 0.053309514 -0.002083971 0.126257191 -0.107471785 -0.006287986 -0.006349098 0.994167977
1305031117.279299021 0.051888874 -0.004902009 0.130271630 -0.111859026 -0.006409015 -0.009420773 0.993658760
1305031117.311199903 0.048665027 -0.011796581 0.134323096 -0.117628030 -0.005152032 -0.013413322 0.992953768
1305031117.343242884 0.045111408 -0.019474626 0.138726534 -0.121929420 -0.003833439 -0.013825737 0.992435071
1305031117.379453897 0.045756006 -0.022307754 0.139410387 -0.123141353 -0.004517293 -0.013430193 0.992287978
1305031117.411221027 0.044471273 -0.021962455 0.136328568 -0.122036465 -0.004111782 -0.013380873 0.992426897
1305031117.443274021 0.043846748 -0.018920507 0.132391740 -0.118248927 -0.004328396 -0.011393356 0.992909184
1305031117.479403019 0.050049649 -0.020876893 0.128018059 -0.117019961 -0.007330358 -0.011244352 0.993038851
1305031117.511324883 0.053826278 -0.025291750 0.124870935 -0.116753892 -0.009578289 -0.009591021 0.993068375
1305031117.544285059 0.059094098 -0.026565777 0.120712260 -0.112941779 -0.011706939 -0.007337958 0.993505539
1305031117.579154968 0.057371062 -0.026077169 0.116912372 -0.108304996 -0.011030120 -0.006804857 0.994033228
1305031117.611159086 0.060711044 -0.027146900 0.112365417 -0.106937717 -0.013175029 -0.007165748 0.994152602
1305031117.643251896 0.063278074 -0.030315037 0.109625499 -0.106570461 -0.014583595 -0.006540033 0.994176686
1305031117.679261923 0.065790557 -0.031920000 0.107748526 -0.104593623 -0.015931736 -0.004909897 0.994375305
1305031117.711184025 0.070473517 -0.037912985 0.106703896 -0.106291295 -0.018151220 -0.003790444 0.994162123
1305031117.743184090 0.075764927 -0.042520146 0.104667641 -0.107220476 -0.020459499 -0.001287280 0.994023904
1305031117.779467106 0.083288748 -0.048154268 0.102228997 -0.108173672 -0.023824362 0.000534592 0.993846352
1305031117.811320066 0.086669507 -0.050668616 0.099848673 -0.108537863 -0.025411645 0.001574880 0.993766220
1305031117.843291044 0.094795454 -0.057647304 0.098107832 -0.110204546 -0.028447991 0.003009337 0.993497163
1305031117.879451036 0.093473690 -0.058724289 0.094768568 -0.108354141 -0.027494659 0.003101463 0.993727229
1305031117.911406994 0.091099095 -0.062628680 0.093601774 -0.108713375 -0.026217579 0.002110165 0.993725107
1305031117.943253040 0.091417301 -0.067498426 0.092486100 -0.108925713 -0.026157809 0.001236572 0.993704900
1305031117.979228020 0.088468115 -0.067980289 0.092054931 -0.107919337 -0.024777683 -0.000200104 0.993850815
1305031118.011228085 0.085061235 -0.075217143 0.096624611 -0.110681659 -0.023658924 0.000580951 0.993574098
1305031118.043520927 0.083711497 -0.080711294 0.097164608 -0.111945782 -0.023300362 0.001285460 0.993440276
1305031118.079334021 0.085497586 -0.084727800 0.097295316 -0.111867045 -0.023901457 -0.000447823 0.993435596
1305031118.111217022 0.082979094 -0.089044451 0.098505981 -0.112083919 -0.022732676 -0.001525434 0.993437514
1305031118.143255949 0.079080801 -0.094856185 0.099632409 -0.112203777 -0.020617732 -0.004200040 0.993462421
1305031118.179322958 0.078397913 -0.098375328 0.099176105 -0.111860485 -0.019484052 -0.006328815 0.993512733
1305031118.211201906 0.075419095 -0.106878991 0.098293619 -0.112640802 -0.017681550 -0.007838267 0.993447519
1305031118.243172884 0.073181468 -0.112832522 0.100798337 -0.110195299 -0.016687752 -0.005097311 0.993756777
1305031118.279194117 0.071923225 -0.120493425 0.104693560 -0.108227980 -0.016894704 -0.002447198 0.993979519
1305031118.311299086 0.073768499 -0.129874873 0.108296701 -0.105673015 -0.017564741 0.000093805 0.994245787
1305031118.343323946 0.074707443 -0.135873687 0.110894185 -0.101620897 -0.017948119 0.002571395 0.994657954
1305031118.379208088 0.072708736 -0.135034242 0.113212361 -0.096188106 -0.016929586 0.002243674 0.995216662
1305031118.411295891 0.073416899 -0.139929008 0.115303651 -0.093766042 -0.017092823 0.003601210 0.995441006
1305031118.445692062 0.078995237 -0.141348721 0.115125946 -0.092760394 -0.019442549 0.004146390 0.995489982
1305031118.479285002 0.081285813 -0.142209181 0.116044927 -0.092634124 -0.019998380 0.005360315 0.995484933
1305031118.511255026 0.083637681 -0.144012180 0.115211566 -0.092854566 -0.020742793 0.006609501 0.995441651
1305031118.544414043 0.085943173 -0.141631524 0.116065802 -0.092147722 -0.021381993 0.007467051 0.995487745
1305031118.579284906 0.081901558 -0.137708898 0.117619711 -0.091835448 -0.019932923 0.004740034 0.995563389
1305031118.616142035 0.079905772 -0.132652286 0.118840277 -0.090996800 -0.018852807 0.003666599 0.995665963
1305031118.645324945 0.073948357 -0.125874154 0.118572147 -0.089506742 -0.016068429 0.000232068 0.995856563
1305031118.679295063 0.068721670 -0.116238951 0.116126047 -0.088607088 -0.013899816 -0.004802941 0.995958087
1305031118.711421013 0.065551029 -0.109771738 0.111770087 -0.089827870 -0.012498318 -0.009447588 0.995834067
1305031118.746769905 0.064738462 -0.108783518 0.111686112 -0.090243061 -0.012684364 -0.009531966 0.995793371
1305031118.779277086 0.066349245 -0.101891959 0.109473085 -0.088668276 -0.014047435 -0.009654337 0.995915358
1305031118.811220884 0.071557371 -0.098734887 0.107895070 -0.093867543 -0.016502254 -0.009526626 0.995402332
1305031118.846752882 0.071076387 -0.097634944 0.107911536 -0.094703486 -0.016857064 -0.009873732 0.995313819
1305031118.879208088 0.072404815 -0.087501528 0.100836087 -0.091237211 -0.016534604 -0.009482730 0.995646753
1305031118.911176920 0.068879518 -0.074434959 0.095764515 -0.090336624 -0.014901302 -0.014607428 0.995692658
1305031118.946974039 0.064652197 -0.067755683 0.093316537 -0.089566691 -0.013276489 -0.017653652 0.995735854
1305031118.979373932 0.060738042 -0.059485477 0.092070192 -0.088020599 -0.011620115 -0.019553527 0.995858929
1305031119.011363029 0.058729722 -0.049916500 0.086075930 -0.089359065 -0.010433661 -0.024168562 0.995651534
1305031119.047172070 0.058161012 -0.044903604 0.078806380 -0.093588564 -0.010157546 -0.026579129 0.995204278
1305031119.079222918 0.056963714 -0.044339020 0.080547259 -0.095414870 -0.010405649 -0.026462232 0.995031394
1305031119.111327887 0.056975154 -0.040765644 0.078710107 -0.095657706 -0.011217372 -0.025447259 0.995025734
1305031119.147615910 0.060240716 -0.034971195 0.075901037 -0.095024928 -0.013193018 -0.023493523 0.995110176
1305031119.179225922 0.063022657 -0.032969104 0.075322455 -0.096067459 -0.015142857 -0.021110039 0.995035730
1305031119.211364031 0.068967457 -0.031319871 0.073539632 -0.095900559 -0.018674893 -0.020790865 0.994998528
1305031119.247399092 0.072447757 -0.023958012 0.068281099 -0.093873603 -0.020099578 -0.020979317 0.995160099
1305031119.279211998 0.071738521 -0.019503509 0.067107657 -0.093400847 -0.020136213 -0.020573723 0.995212307
1305031119.311212063 0.071479611 -0.015151474 0.066772323 -0.093071076 -0.020063712 -0.020133351 0.995253671
1305031119.347740889 0.073572804 -0.012561830 0.065663970 -0.093541315 -0.021244871 -0.018519841 0.995216405
1305031119.379239082 0.078832347 -0.007934854 0.062758341 -0.092568733 -0.023506687 -0.018169795 0.995262942
1305031119.411484003 0.078390578 -0.002561336 0.063400393 -0.091818832 -0.023501860 -0.019301262 0.995311221
1305031119.447705984 0.076848503 0.003123132 0.066056681 -0.091167040 -0.022610310 -0.019270485 0.995392381
1305031119.479266882 0.074256666 0.003963580 0.069346602 -0.091693761 -0.021321532 -0.019987638 0.995358298
1305031119.511240005 0.070673268 0.009805766 0.071147990 -0.090808836 -0.019839218 -0.020708710 0.995455328
1305031119.547382116 0.069278636 0.011345051 0.075484705 -0.092550872 -0.019423832 -0.019116828 0.995334917
1305031119.579559088 0.066283487 0.016032182 0.080080878 -0.093129133 -0.018327144 -0.018887060 0.995306164
1305031119.615016937 0.064895448 0.020930697 0.079330359 -0.097335623 -0.016986630 -0.020786893 0.994889509
1305031119.647902966 0.064895448 0.020930697 0.079330359 -0.097335623 -0.016986630 -0.020786893 0.994889509
1305031119.679208040 0.065263829 0.027482185 0.079282975 -0.100982599 -0.016582627 -0.021365781 0.994520505
1305031119.715231895 0.062650040 0.029455222 0.083872421 -0.106932570 -0.014975606 -0.022881380 0.993890134
1305031119.747193098 0.061276356 0.029958609 0.088122278 -0.113227626 -0.013465032 -0.020568484 0.993264887
1305031119.779169083 0.062743899 0.037468790 0.089792991 -0.113920936 -0.014012970 -0.020108595 0.993187445
1305031119.814537048 0.065509551 0.044545132 0.092360170 -0.114534175 -0.015363664 -0.018272492 0.993132416
1305031119.847429037 0.065035365 0.050460390 0.095320089 -0.115243972 -0.014979852 -0.015890794 0.993097132
1305031119.879214048 0.062923347 0.053648178 0.097928617 -0.116475710 -0.013199586 -0.014358228 0.993002025
1305031119.911401033 0.062165079 0.057131768 0.098951082 -0.116374465 -0.012546214 -0.014353222 0.993022438
1305031119.947391987 0.060933062 0.065159881 0.100366190 -0.116667147 -0.011485393 -0.014246332 0.993002470
1305031119.979537010 0.058591648 0.067817512 0.103622603 -0.119124776 -0.010740319 -0.016814505 0.992678803
1305031120.015264034 0.059940851 0.072832053 0.107470545 -0.119812942 -0.010675784 -0.018198233 0.992572270
1305031120.047290087 0.058322356 0.074863945 0.112481453 -0.124711529 -0.009195244 -0.017256491 0.992000351
1305031120.079417944 0.061055092 0.071756906 0.116210579 -0.128058497 -0.010657512 -0.017853910 0.991548625
1305031120.115231991 0.065813665 0.074588240 0.116194481 -0.127381943 -0.012791232 -0.016928097 0.991626777
1305031120.148156881 0.067793963 0.076077788 0.117127393 -0.127550586 -0.013736723 -0.016621975 0.991597630
1305031120.179245949 0.069061523 0.071616004 0.117165861 -0.128996749 -0.014385056 -0.016057544 0.991410644
1305031120.215249062 0.069380709 0.067674222 0.113067619 -0.128369026 -0.014291567 -0.015237497 0.991506411
1305031120.248003006 0.067958929 0.062818512 0.108550323 -0.127172637 -0.014211706 -0.015541808 0.991656997
1305031120.279429913 0.067101865 0.056099129 0.105270661 -0.127661894 -0.014079750 -0.016305148 0.991583755
1305031120.315196037 0.066101859 0.049304689 0.102224663 -0.128011757 -0.013513098 -0.016566923 0.991542194
1305031120.347786903 0.066909538 0.040193698 0.100033488 -0.129065852 -0.013800567 -0.016702978 0.991399294
1305031120.379436970 0.068184459 0.031249479 0.098770467 -0.130245052 -0.014720636 -0.016917623 0.991228189
1305031120.415445089 0.067879501 0.019165492 0.097858637 -0.131298157 -0.014469614 -0.015746091 0.991112246
1305031120.447417021 0.072921485 0.017175157 0.092766480 -0.124784564 -0.017069318 -0.016184205 0.991904997
1305031120.479432106 0.071654125 0.017041249 0.089163582 -0.120251182 -0.016779676 -0.014670507 0.992493260
1305031120.514818907 0.074758022 0.009188673 0.088432571 -0.117990247 -0.018128832 -0.012041051 0.992776239
1305031120.547735929 0.078058302 0.009331675 0.082725422 -0.111850500 -0.019817073 -0.010073972 0.993476353
1305031120.579550982 0.083600761 0.009439337 0.079390761 -0.106338996 -0.023210033 -0.008028986 0.994026583
1305031120.615236044 0.089587487 0.006920919 0.080227648 -0.103452081 -0.026918547 -0.004047155 0.994261877
1305031120.647353888 0.091568037 0.004523209 0.079106954 -0.099116070 -0.028686956 -0.001261729 0.994661486
1305031120.679317951 0.090788539 0.008052991 0.077986777 -0.092843715 -0.028958652 0.000004155 0.995259484
1305031120.714521885 0.096538198 0.004183545 0.073536056 -0.092735127 -0.031337465 0.000006502 0.995197548
1305031120.747369051 0.097392108 0.003780728 0.068960183 -0.091428624 -0.031819183 0.001298335 0.995302296
1305031120.779894114 0.101122698 -0.002583269 0.064957152 -0.092130080 -0.033594475 0.002348537 0.995177343
1305031120.814944029 0.099737269 -0.009154928 0.068660205 -0.089865491 -0.033316801 0.004057607 0.995388226
1305031120.847920895 0.100567670 -0.012943062 0.065992025 -0.089611821 -0.033737967 0.003093793 0.995400371
1305031120.883435011 0.101171661 -0.019002362 0.066158862 -0.090465828 -0.034311811 0.003140439 0.995303356
1305031120.915443897 0.102294924 -0.023981607 0.066418088 -0.088675533 -0.034522863 0.001009735 0.995461603
1305031120.947488070 0.101798640 -0.028097309 0.065261719 -0.088982701 -0.034257821 -0.000036132 0.995443860
1305031120.983366013 0.100583201 -0.031348633 0.063753003 -0.088697203 -0.033932876 -0.001215365 0.995479728
1305031121.015018940 0.100933367 -0.037886712 0.062569321 -0.089407351 -0.034179304 -0.001552874 0.995407298
1305031121.047497988 0.099417913 -0.041872436 0.058927679 -0.088925982 -0.033739670 -0.002050477 0.995464515
1305031121.083098888 0.098182386 -0.047385461 0.057877845 -0.089580855 -0.033460601 -0.002212160 0.995414871
1305031121.114696026 0.099101379 -0.057046075 0.059597429 -0.089176667 -0.034262067 -0.000413739 0.995426271
1305031121.147330999 0.102873893 -0.066951001 0.063838593 -0.088680953 -0.035908745 0.000937874 0.995412161
1305031121.183270931 0.104528790 -0.075835081 0.061010526 -0.089548302 -0.036455857 0.001305482 0.995314206
1305031121.211420059 0.111203547 -0.085915611 0.061184650 -0.090514185 -0.038737149 0.002309303 0.995138826
1305031121.247194052 0.114720286 -0.094547958 0.061443110 -0.090425967 -0.039474241 0.002509639 0.995117395
1305031121.282876015 0.116045661 -0.102553187 0.060983726 -0.091615030 -0.039924903 0.002707157 0.994990130
1305031121.313568115 0.119991163 -0.113114576 0.060072967 -0.093471417 -0.041227311 0.005050373 0.994755194
1305031121.347517014 0.117934264 -0.116432060 0.064288777 -0.089775624 -0.040856326 0.006883994 0.995099849
1305031121.383225918 0.123748206 -0.126687575 0.065117716 -0.091357816 -0.043031255 0.009409751 0.994843464
1305031121.414318085 0.129013369 -0.142640318 0.070116765 -0.092816276 -0.044685883 0.011066723 0.994618439
1305031121.447319031 0.131493025 -0.153765327 0.075157776 -0.092427990 -0.045371645 0.010981307 0.994624498
1305031121.482964039 0.134227178 -0.160915559 0.075247571 -0.093140180 -0.045957849 0.011770552 0.994522115
1305031121.514106989 0.133765041 -0.170097774 0.079890477 -0.091851426 -0.045349793 0.013538675 0.994647383
1305031121.547270060 0.134175375 -0.173951118 0.078769561 -0.091525827 -0.045288351 0.013379740 0.994682347
1305031121.583204031 0.133160960 -0.176552571 0.081474676 -0.091981956 -0.044863652 0.012925546 0.994665523
1305031121.614700079 0.130976513 -0.182223181 0.082095668 -0.092365294 -0.044007401 0.011778078 0.994682501
1305031121.647182941 0.129199805 -0.187063555 0.083084584 -0.092569138 -0.042885644 0.010909648 0.994722452
1305031121.683199883 0.119914575 -0.187309940 0.085190124 -0.091977007 -0.039145908 0.008663556 0.994953653
1305031121.714519978 0.114385086 -0.190482484 0.086871558 -0.092543546 -0.037066517 0.007828991 0.994987674
1305031121.747144938 0.114895898 -0.192496588 0.088130740 -0.092815948 -0.037189424 0.007813114 0.994957839
1305031121.782835007 0.114210770 -0.194626479 0.090211369 -0.093626434 -0.036854610 0.007647364 0.994895646
1305031121.811539888 0.115386103 -0.195991069 0.091605882 -0.093910908 -0.036852590 0.008207194 0.994864448
1305031121.847335100 0.115647530 -0.194672063 0.092598232 -0.093704955 -0.036361499 0.008670192 0.994898010
1305031121.882060051 0.117369925 -0.194788823 0.094753519 -0.094094772 -0.036564719 0.010075580 0.994840529
1305031121.914931059 0.118993268 -0.194181903 0.094649123 -0.094653157 -0.036999560 0.011975011 0.994750427
1305031121.947288036 0.120746434 -0.193993347 0.094896382 -0.095006196 -0.038026846 0.012669989 0.994669419
1305031121.982925892 0.122765733 -0.192217971 0.094863020 -0.094395290 -0.038714725 0.012218916 0.994706689
1305031122.014256001 0.119475676 -0.187672957 0.095299682 -0.093495224 -0.037717999 0.011085889 0.994843253
1305031122.047306061 0.117684432 -0.186122060 0.095358046 -0.093360314 -0.037588858 0.009522820 0.994877000
1305031122.082958937 0.117264464 -0.181770331 0.094178307 -0.092286921 -0.037803352 0.008049936 0.994982025
1305031122.114671946 0.115158289 -0.176089748 0.092530547 -0.091049907 -0.037332072 0.006588382 0.995124527
1305031122.150724888 0.112303766 -0.168241227 0.091167969 -0.089585381 -0.036711310 0.004105659 0.995293868
1305031122.183042049 0.109943981 -0.161964468 0.089110885 -0.088671974 -0.035971299 0.000718332 0.995410885
1305031122.214958906 0.103313377 -0.147564553 0.086360054 -0.085997375 -0.033669104 -0.003006753 0.995721749
1305031122.251318932 0.098886961 -0.140961713 0.084045328 -0.091073384 -0.032111181 -0.007056323 0.995301321
1305031122.283560038 0.099860842 -0.140852253 0.078635505 -0.096789551 -0.032222815 -0.009688469 0.994735948
1305031122.314289093 0.096123440 -0.122641277 0.072557082 -0.095313262 -0.031347421 -0.012868241 0.994870409
1305031122.351326942 0.096393024 -0.107642897 0.065819734 -0.100332387 -0.032099459 -0.017226382 0.994286824
1305031122.382630110 0.097441310 -0.102456074 0.060717838 -0.105336603 -0.032965691 -0.019770257 0.993693414
1305031122.414997101 0.102492758 -0.102187003 0.057001344 -0.111806995 -0.035524478 -0.021221328 0.992867999
1305031122.451256990 0.103639428 -0.093745239 0.056884781 -0.110979311 -0.037548941 -0.021320250 0.992884241
1305031122.483360052 0.104115542 -0.085794857 0.054398378 -0.111649781 -0.039311906 -0.019917542 0.992769959
1305031122.515096903 0.103411565 -0.082221101 0.054658740 -0.112962449 -0.040323362 -0.019078132 0.992597369
1305031122.551490068 0.102575080 -0.073571879 0.054898024 -0.111810903 -0.040941751 -0.020476638 0.992674570
1305031122.583208084 0.097715949 -0.068680739 0.056677205 -0.112251719 -0.039439551 -0.021940734 0.992654360
1305031122.614979982 0.093339114 -0.064669435 0.057337621 -0.112727981 -0.037829135 -0.023231809 0.992633690
1305031122.648787975 0.096727221 -0.062282688 0.055219904 -0.112925109 -0.039107894 -0.021942763 0.992591058
1305031122.683402061 0.097995753 -0.057158605 0.052862116 -0.111954669 -0.039742756 -0.021748313 0.992680047
1305031122.715208054 0.099281193 -0.052132375 0.050658971 -0.111680504 -0.040095037 -0.020210459 0.992729263
1305031122.751297951 0.101844952 -0.046781473 0.049488302 -0.111069516 -0.041786208 -0.019149953 0.992749089
1305031122.783422947 0.099261379 -0.037542515 0.053301224 -0.110149623 -0.041575765 -0.020562105 0.992832169
1305031122.812555075 0.101876503 -0.033646795 0.051310569 -0.115887942 -0.042054422 -0.021859480 0.992130825
1305031122.851418018 0.104125923 -0.031601123 0.049750503 -0.120772826 -0.041956634 -0.025122470 0.991474875
1305031122.883754015 0.103604572 -0.026644720 0.046275172 -0.124944009 -0.040616783 -0.028568750 0.990920329
1305031122.914571047 0.102050367 -0.027677779 0.045767186 -0.131285445 -0.038322483 -0.029705180 0.990158130
1305031122.951340914 0.098163049 -0.027513831 0.051122091 -0.133480980 -0.036953988 -0.028306272 0.989957568
1305031122.982815027 0.097414556 -0.025551176 0.053766773 -0.134600524 -0.036598783 -0.026733867 0.989862884
1305031123.015450001 0.097705808 -0.021503131 0.055772484 -0.135556267 -0.036889120 -0.023621968 0.989800836
1305031123.051826954 0.098417899 -0.019084676 0.057015748 -0.136042544 -0.037181863 -0.021905592 0.989762638
1305031123.082974911 0.099253903 -0.015635039 0.056177787 -0.135495414 -0.037216380 -0.021590514 0.989843313
1305031123.113873005 0.098071073 -0.008911479 0.057381253 -0.135998283 -0.036620258 -0.019634044 0.989837324
1305031123.150821924 0.100974985 -0.006798981 0.057791552 -0.139938768 -0.037400690 -0.021135298 0.989227794
1305031123.182154894 0.098245134 0.001498509 0.058320526 -0.140807204 -0.035972383 -0.020877444 0.989163005
1305031123.214704037 0.101648248 0.008007758 0.060639132 -0.144041397 -0.036847874 -0.023602804 0.988603671
1305031123.250617981 0.098042590 0.010017096 0.066167883 -0.150193836 -0.034838803 -0.024456296 0.987739823
1305031123.282346964 0.093556901 0.013807067 0.073542078 -0.157068217 -0.031702953 -0.023952605 0.986788108
1305031123.311326981 0.089674913 0.014076437 0.078829618 -0.164828213 -0.028445595 -0.022483331 0.985655624
1305031123.350481033 0.087946642 0.015274852 0.085558361 -0.170301991 -0.027009311 -0.022517414 0.984764284
1305031123.382255077 0.089549380 0.019119905 0.089365622 -0.174411918 -0.026745225 -0.022924081 0.984042510
1305031123.411362886 0.087853606 0.027672214 0.091856458 -0.174741682 -0.024845179 -0.022347141 0.984047086
1305031123.451255083 0.088056093 0.031659249 0.094998161 -0.176106291 -0.024684848 -0.022886445 0.983795428
1305031123.483593941 0.091091600 0.039232794 0.097246833 -0.176932199 -0.024945634 -0.021074923 0.983681127
1305031123.511359930 0.094875682 0.046837005 0.099544358 -0.177289649 -0.025921681 -0.020588763 0.983601825
1305031123.551512957 0.095297707 0.052927044 0.101295269 -0.177373419 -0.025403242 -0.018756945 0.983636885
1305031123.579582930 0.098310644 0.056933451 0.104515592 -0.178330795 -0.026644882 -0.017805020 0.983448605
1305031123.611335039 0.097322662 0.063842685 0.105867572 -0.177653523 -0.025479718 -0.016440585 0.983625801
1305031123.652410984 0.100012271 0.072449452 0.107705119 -0.177442357 -0.026277870 -0.016634139 0.983639664
1305031123.683753014 0.101241351 0.080601350 0.110980264 -0.177548723 -0.026347118 -0.017434744 0.983604753
1305031123.711323023 0.101628945 0.091794993 0.113026796 -0.175963886 -0.025746350 -0.017338569 0.983907115
1305031123.751723051 0.102743677 0.098217451 0.115511853 -0.175943178 -0.025901140 -0.017224831 0.983908753
1305031123.783858061 0.105248185 0.100424438 0.117129997 -0.176235697 -0.026628605 -0.016918143 0.983842301
1305031123.811608076 0.107739686 0.100826509 0.118315614 -0.176622671 -0.027413281 -0.016489620 0.983758627
1305031123.851444006 0.109795768 0.100870908 0.119414534 -0.177036002 -0.027979690 -0.015842102 0.983679022
1305031123.883785963 0.112244085 0.098612243 0.119500813 -0.177575583 -0.029062262 -0.015794661 0.983551130
1305031123.911242962 0.112660970 0.094154738 0.116962728 -0.178097800 -0.029469588 -0.016063579 0.983440226
1305031123.951442003 0.112788455 0.094031243 0.115058338 -0.177496007 -0.029755972 -0.015731391 0.983545766
1305031123.983414888 0.116516666 0.090475011 0.116441539 -0.178606459 -0.031339501 -0.015040764 0.983306333
1305031124.011301994 0.117152845 0.083398870 0.113351230 -0.178878007 -0.031773205 -0.014138587 0.983256438
1305031124.051505089 0.119261071 0.077214593 0.108836406 -0.178532432 -0.033039325 -0.013948890 0.983280226
1305031124.083837032 0.122506469 0.071294112 0.107689727 -0.179307420 -0.034707614 -0.014076435 0.983079897
1305031124.111330986 0.123872481 0.059917843 0.106418067 -0.180314719 -0.036399940 -0.015454457 0.982813719
1305031124.147445917 0.123268849 0.053134296 0.100711731 -0.179339197 -0.036297781 -0.015080453 0.983001782
1305031124.182693958 0.123268849 0.053134296 0.100711731 -0.179339197 -0.036297781 -0.015080453 0.983001782
1305031124.211395979 0.122158135 0.047346635 0.097416979 -0.176925170 -0.036087821 -0.014840741 0.983450510
1305031124.249326944 0.123057403 0.040518918 0.092503114 -0.175137277 -0.036632314 -0.014779146 0.983751282
1305031124.282545090 0.126253032 0.034641828 0.090001584 -0.174931430 -0.038453639 -0.013495542 0.983736846
1305031124.311361074 0.129404274 0.026026836 0.088749480 -0.175343576 -0.040400016 -0.012246100 0.983601801
1305031124.350353956 0.130417033 0.022174183 0.082389530 -0.171669795 -0.041871760 -0.011406224 0.984198220
1305031124.382420063 0.129952381 0.021508980 0.077353432 -0.166690337 -0.042128127 -0.010150398 0.985056608
1305031124.411438942 0.131533974 0.014955935 0.072764541 -0.164231133 -0.043155072 -0.009605713 0.985430619
1305031124.450244904 0.132273076 0.014245130 0.065071216 -0.157670262 -0.043861665 -0.009699375 0.986469546
1305031124.480098963 0.129276186 0.013626759 0.059280885 -0.150031094 -0.043433051 -0.010989376 0.987665669
1305031124.511323929 0.128949247 0.012673881 0.051793800 -0.143283700 -0.044019302 -0.011474211 0.988635638
1305031124.550436974 0.128618786 0.013745832 0.046767182 -0.136899637 -0.044572350 -0.011591528 0.989513735
1305031124.579404116 0.132814853 0.006764827 0.044045688 -0.134623123 -0.047065929 -0.013027079 0.989692734
1305031124.611357927 0.133778985 0.001756619 0.040554331 -0.131064996 -0.048101365 -0.012409541 0.990128390
1305031124.651271105 0.133024435 0.002620177 0.036542238 -0.125022691 -0.048699581 -0.012203835 0.990882810
1305031124.679362059 0.131982107 -0.006126284 0.035794280 -0.122983977 -0.048891007 -0.011800595 0.991133370
1305031124.711251020 0.128761159 -0.006260183 0.033121063 -0.117693865 -0.047856159 -0.010342183 0.991842216
1305031124.749890089 0.132045006 -0.016043939 0.033337128 -0.116622441 -0.049043036 -0.012714119 0.991883228
1305031124.779365063 0.131531579 -0.026306565 0.036385463 -0.115764653 -0.049419345 -0.011277648 0.991982403
1305031124.811359882 0.133849678 -0.033562752 0.038757739 -0.113700768 -0.050340195 -0.010091981 0.992187559
1305031124.850534916 0.135373091 -0.039793028 0.037782309 -0.113934218 -0.050843152 -0.010266030 0.992133346
1305031124.879354954 0.141908946 -0.047602155 0.036053979 -0.114621195 -0.053123856 -0.009972701 0.991937691
1305031124.911448002 0.143426880 -0.053142132 0.037207300 -0.113124512 -0.053326374 -0.011586048 0.992081099
1305031124.950730085 0.139374051 -0.054679696 0.039228821 -0.112954593 -0.051826694 -0.012656217 0.992166858
1305031124.979438066 0.137034930 -0.065514516 0.042957502 -0.115760170 -0.050881826 -0.011233977 0.991909482
1305031125.011454105 0.138286496 -0.075127771 0.049355297 -0.113161576 -0.051678024 -0.006817150 0.992208328
1305031125.050762892 0.138922320 -0.077365925 0.053948861 -0.108947759 -0.053004244 -0.003956065 0.992625451
1305031125.079364061 0.142195462 -0.081912607 0.055275345 -0.109504646 -0.054258186 -0.003384767 0.992498527
1305031125.111363888 0.143749173 -0.087612378 0.054816212 -0.110082992 -0.054625496 -0.001132088 0.992419522
1305031125.151012897 0.150735477 -0.102547066 0.059953197 -0.111411267 -0.057133823 -0.000331430 0.992130609
1305031125.179352999 0.149448882 -0.105357615 0.060496793 -0.110265781 -0.056487098 -0.001173842 0.992294960
1305031125.211319923 0.144865435 -0.107428930 0.064472264 -0.111179533 -0.054422488 -0.000607134 0.992308891
1305031125.250632048 0.143841322 -0.115115818 0.065529817 -0.112477760 -0.054218924 -0.001220434 0.992173156
1305031125.279467106 0.144928866 -0.127750237 0.068378524 -0.113319632 -0.054560977 -0.001308058 0.992058491
1305031125.311492920 0.144638104 -0.132444321 0.068241305 -0.113495265 -0.054228630 -0.001451663 0.992056436
1305031125.348880053 0.146839936 -0.140744630 0.068750051 -0.113915183 -0.054424478 -0.001689075 0.991997205
1305031125.379400969 0.144762871 -0.143348634 0.069496310 -0.113172461 -0.053642881 -0.004258619 0.992117080
1305031125.411334991 0.136597667 -0.144298958 0.072583282 -0.112834215 -0.049826720 -0.006857497 0.992340019
1305031125.451195002 0.118889724 -0.144071197 0.072948631 -0.113081659 -0.040483060 -0.007303473 0.992733761
1305031125.479424000 0.108111629 -0.146266835 0.074657625 -0.113164301 -0.035573920 -0.010087248 0.992888002
1305031125.511316061 0.107616142 -0.147450216 0.075403155 -0.112696441 -0.034591981 -0.010379380 0.992972898
1305031125.551019907 0.103213803 -0.146345539 0.076778688 -0.112286306 -0.032355707 -0.011374779 0.993083837
1305031125.579308033 0.099624613 -0.145232389 0.079062245 -0.111967695 -0.030245189 -0.013350741 0.993161730
1305031125.611532927 0.093797733 -0.146163512 0.080353247 -0.111758384 -0.027604609 -0.015328401 0.993233653
1305031125.650574923 0.092223722 -0.151505523 0.077324347 -0.111900901 -0.026583937 -0.013780283 0.993268134
1305031125.679327965 0.095502100 -0.150242735 0.075799355 -0.107906497 -0.028225864 -0.009581579 0.993714085
1305031125.711442947 0.101082635 -0.151243339 0.072454880 -0.107859627 -0.031738707 -0.007263406 0.993632829
1305031125.751260042 0.104923422 -0.152038511 0.071107271 -0.106416908 -0.033788963 -0.003040469 0.993742675
1305031125.779347897 0.105460653 -0.148335668 0.068324571 -0.105667892 -0.034345300 -0.003285691 0.993802748
1305031125.811573029 0.104741006 -0.143402014 0.067321165 -0.104967046 -0.034334106 -0.004010943 0.993874741
1305031125.847412109 0.102799075 -0.134575509 0.064952737 -0.104150763 -0.033210645 -0.005555707 0.993991351
1305031125.879317999 0.098888974 -0.129304665 0.064147192 -0.103397067 -0.032138417 -0.007837964 0.994089903
1305031125.911304951 0.098706120 -0.121484767 0.063057682 -0.103772558 -0.032738096 -0.006144483 0.994043117
1305031125.947343111 0.104218163 -0.124406174 0.060544001 -0.110503749 -0.036315539 -0.003650223 0.993205306
1305031125.979324102 0.117877377 -0.118206236 0.059376298 -0.109863847 -0.043803380 -0.002586714 0.992977597
1305031126.011332989 0.124118679 -0.106901514 0.059265694 -0.107923631 -0.048767388 -0.004310697 0.992952995
1305031126.047323942 0.124414243 -0.091471846 0.053770239 -0.106795546 -0.049964086 -0.006606656 0.993002847
1305031126.079355955 0.127260726 -0.085467559 0.050385363 -0.111755264 -0.050130942 -0.007557954 0.992441700
1305031126.111370087 0.128209054 -0.079488376 0.048436056 -0.116477733 -0.050020482 -0.009339222 0.991888939
1305031126.147432089 0.125791109 -0.063408979 0.043079350 -0.115314153 -0.048839240 -0.011743799 0.992058193
1305031126.179383993 0.127843611 -0.050511138 0.040985835 -0.119438881 -0.049241170 -0.011909101 0.991548201
1305031126.211318970 0.131031403 -0.050969396 0.043634937 -0.127266148 -0.050510307 -0.011727192 0.990512246
1305031126.247298002 0.135509210 -0.042555680 0.038274897 -0.130978007 -0.051495069 -0.013655151 0.989952805
1305031126.279362917 0.136251293 -0.038045989 0.037912273 -0.136468601 -0.051314759 -0.015475360 0.989193424
1305031126.311331987 0.133255033 -0.031976497 0.038816607 -0.140812500 -0.049355519 -0.018111542 0.988639391
1305031126.347362995 0.125705665 -0.028968349 0.042029420 -0.146065817 -0.045491716 -0.020552063 0.988014622
1305031126.379422903 0.121230121 -0.026150366 0.041497318 -0.151253333 -0.042359344 -0.022456945 0.987331657
1305031126.411464930 0.118101965 -0.023437005 0.043271373 -0.156200284 -0.040929488 -0.025090983 0.986558002
1305031126.447360992 0.119786141 -0.024748021 0.045688687 -0.162809288 -0.041133923 -0.027530096 0.985415258
1305031126.479532957 0.117770534 -0.020566345 0.047444307 -0.165412343 -0.040271948 -0.024424103 0.985099178
1305031126.511409998 0.117274884 -0.014680598 0.049491970 -0.166406783 -0.040572438 -0.023655716 0.984938103
1305031126.547374010 0.117274884 -0.014680598 0.049491970 -0.166406783 -0.040572438 -0.023655716 0.984938103
1305031126.579453945 0.118428969 -0.014273211 0.052697182 -0.172318242 -0.040595495 -0.024433405 0.983901132
1305031126.611527920 0.118952548 -0.015688819 0.057366066 -0.178679058 -0.040046589 -0.024090922 0.982796872
1305031126.647376060 0.121100211 -0.016676272 0.060614626 -0.184479852 -0.040701664 -0.024939952 0.981676402
1305031126.679478884 0.122092458 -0.014131800 0.062396822 -0.186022761 -0.040164502 -0.022602297 0.981463948
1305031126.711582899 0.123192802 -0.010140089 0.063347409 -0.186925600 -0.039951667 -0.020903748 0.981338737
1305031126.747315884 0.122698679 -0.008833722 0.064746124 -0.187977517 -0.039018819 -0.019728418 0.981199661
1305031126.779378891 0.126835240 -0.007537844 0.063482219 -0.187940397 -0.040088974 -0.018632477 0.981185055
1305031126.811602116 0.128091622 -0.006062386 0.063250494 -0.187988043 -0.039768242 -0.018134474 0.981198310
1305031126.847342968 0.125973289 -0.005306158 0.063410578 -0.188707964 -0.037688916 -0.017931943 0.981145909
1305031126.879357100 0.125219147 -0.004069614 0.063478445 -0.188788047 -0.036499916 -0.017326346 0.981186337
1305031126.911364079 0.123805664 -0.003867159 0.063388264 -0.189011143 -0.035229153 -0.017094884 0.981193895
1305031126.947437048 0.123779787 -0.002432269 0.062673983 -0.188678230 -0.034520200 -0.016258127 0.981297383
1305031126.979336977 0.124374506 -0.002439657 0.062218824 -0.188987744 -0.034869040 -0.015906079 0.981231257
1305031127.011370897 0.125462996 -0.004247131 0.061691128 -0.189106240 -0.035715484 -0.016214971 0.981172925
1305031127.047297001 0.126880942 -0.004252865 0.060049661 -0.188483985 -0.036412541 -0.015501146 0.981278568
1305031127.079298973 0.127097535 -0.004122982 0.059870069 -0.188334234 -0.036695344 -0.015836510 0.981291431
1305031127.111434937 0.127441994 -0.005778052 0.059555789 -0.188909364 -0.037482239 -0.015021410 0.981163947
1305031127.147306919 0.130839991 -0.007637987 0.058533357 -0.188812367 -0.039829437 -0.014693014 0.981095113
1305031127.179348946 0.133454959 -0.009447637 0.056548571 -0.188227722 -0.041844731 -0.014411563 0.981127744
1305031127.211699963 0.133569232 -0.010096151 0.055598264 -0.187661570 -0.042457753 -0.014163908 0.981213462
1305031127.247374058 0.133235408 -0.013103234 0.054262230 -0.188286861 -0.042332826 -0.013908104 0.981102724
1305031127.279464960 0.134597659 -0.016193262 0.053612363 -0.188347623 -0.043413631 -0.014289947 0.981038341
1305031127.311362028 0.134705086 -0.017728378 0.053958101 -0.188469808 -0.043861508 -0.014639997 0.980989791
1305031127.347356081 0.134254814 -0.018958510 0.052903858 -0.187987728 -0.044006880 -0.014395325 0.981079397
1305031127.379261971 0.136196561 -0.020416236 0.051371616 -0.186686473 -0.045623579 -0.014788995 0.981248152
1305031127.411370993 0.138688743 -0.021423550 0.051765043 -0.186604440 -0.046978251 -0.014840399 0.981199057
1305031127.447333097 0.136768182 -0.022796148 0.051022481 -0.186633894 -0.046794544 -0.015370249 0.981194077
1305031127.479362011 0.139089788 -0.020320484 0.048507523 -0.184178609 -0.048086405 -0.014835655 0.981603709
1305031127.511356115 0.138187918 -0.020059216 0.048912302 -0.184020398 -0.048112634 -0.015684301 0.981618903
1305031127.547348022 0.137932414 -0.021914032 0.050482643 -0.185009765 -0.048471918 -0.015662909 0.981415576
1305031127.579344988 0.139590674 -0.021758442 0.048821692 -0.184285101 -0.049591516 -0.015725558 0.981494977
1305031127.611270905 0.141448569 -0.021481958 0.049394571 -0.184042141 -0.050660420 -0.015833369 0.981484242
1305031127.647357941 0.141833169 -0.023390368 0.051446733 -0.185230207 -0.051024408 -0.015439737 0.981248131
1305031127.679297924 0.142718825 -0.023176755 0.049926532 -0.184473663 -0.051473564 -0.015413367 0.981367601
1305031127.711374998 0.143784460 -0.022158068 0.048245711 -0.183368193 -0.052338248 -0.016229458 0.981515878
1305031127.747303963 0.142476727 -0.022636325 0.048872926 -0.183899681 -0.051865305 -0.016227761 0.981441571
1305031127.779345989 0.141730182 -0.023313805 0.048254319 -0.183799091 -0.051757370 -0.015836447 0.981472504
1305031127.811829090 0.141951886 -0.021640892 0.045239998 -0.181989801 -0.051979831 -0.016110568 0.981793389
1305031127.847366095 0.139019344 -0.020005694 0.044397417 -0.181114118 -0.050836904 -0.016154565 0.982014417
1305031127.879379988 0.136802891 -0.020184748 0.044366213 -0.181361147 -0.049942176 -0.016016211 0.982017003
1305031127.911475897 0.136504264 -0.020176015 0.043852167 -0.181097722 -0.050172945 -0.016183202 0.982051116
1305031127.947365999 0.141643684 -0.020149398 0.044665357 -0.181398640 -0.052661619 -0.016226460 0.981864547
1305031127.979371071 0.142668531 -0.020704712 0.046646194 -0.182407590 -0.053299868 -0.016455399 0.981639351
1305031128.011426926 0.141661791 -0.020385527 0.048619480 -0.183374269 -0.052836586 -0.015545908 0.981499107
1305031128.047369003 0.140148428 -0.019989695 0.051316271 -0.184391105 -0.051958985 -0.015377139 0.981358104
1305031128.079334021 0.141962792 -0.022071104 0.053299718 -0.185794729 -0.052647479 -0.015302131 0.981057800
1305031128.111391068 0.141721300 -0.021334812 0.052980264 -0.185079945 -0.052958597 -0.015288767 0.981176363
1305031128.147418022 0.145000326 -0.023261259 0.054653599 -0.186313647 -0.054535377 -0.014760949 0.980864533
1305031128.179349899 0.147064436 -0.024450158 0.055431346 -0.186929840 -0.055183751 -0.013544637 0.980728572
1305031128.211447001 0.148032141 -0.025175222 0.053957532 -0.186219726 -0.055578761 -0.013146743 0.980846766
1305031128.247479916 0.149720015 -0.025475546 0.053741793 -0.186300584 -0.056370795 -0.013350546 0.980783457
1305031128.279335976 0.150357863 -0.026734528 0.055012188 -0.187221540 -0.056760092 -0.012802638 0.980592922
1305031128.311482906 0.154390569 -0.027131245 0.054227957 -0.186898897 -0.059003089 -0.013663109 0.980510458
1305031128.347423077 0.152321382 -0.026882753 0.053470074 -0.186593909 -0.058003274 -0.014090418 0.980622146
1305031128.379404068 0.152046466 -0.028842819 0.055128354 -0.187685829 -0.058375311 -0.014651206 0.980383443
1305031128.411336899 0.149799470 -0.029508611 0.053694863 -0.187794784 -0.057361516 -0.014723094 0.980421341
1305031128.447295904 0.150454279 -0.030437564 0.053165450 -0.188083549 -0.057620824 -0.015180904 0.980343797
1305031128.479295969 0.149192027 -0.032056279 0.054001431 -0.188825380 -0.057417047 -0.015367287 0.980210235
1305031128.511432886 0.148875779 -0.032601546 0.053649319 -0.189041125 -0.057463126 -0.015382411 0.980165712
1305031128.547399044 0.149077336 -0.032702396 0.053575203 -0.189113591 -0.057416950 -0.015394862 0.980154244
1305031128.579454899 0.148329347 -0.034223882 0.053392839 -0.189743742 -0.056996449 -0.015727927 0.980051708
1305031128.611394882 0.151678656 -0.036225787 0.052846285 -0.190043078 -0.058826775 -0.015852365 0.979883535
1305031128.647351980 0.152613353 -0.034876925 0.050704735 -0.188858772 -0.059185802 -0.015791232 0.980091854
1305031128.679281950 0.155146455 -0.033752329 0.049276381 -0.187830942 -0.060747483 -0.016433939 0.980183251
1305031128.711457014 0.155994757 -0.034295302 0.047712992 -0.187731858 -0.061315459 -0.016739954 0.980161690
1305031128.747363091 0.157392526 -0.035430124 0.047199444 -0.187858419 -0.062198354 -0.017570481 0.980067272
