1305031102.175303936 1.327301884 0.682922470 1.554584640 0.455135461 0.700027730 -0.549672338 0.025946307
1305031102.211214066 1.315103314 0.668026051 1.535037660 0.447769778 0.703906075 -0.550580823 0.029651653
1305031102.275326014 1.306830323 0.659946193 1.530439802 0.446026964 0.707790234 -0.546776693 0.033588386
1305031102.311266899 1.297525663 0.654052321 1.527786089 0.444805585 0.711130380 -0.543123704 0.038186596
1305031102.343233109 1.288849339 0.647662156 1.528304548 0.443880251 0.714916268 -0.538607269 0.042038804
1305031102.375329018 1.286532466 0.637541353 1.520385279 0.444112612 0.714282302 -0.539211638 0.042609738
1305031102.411257982 1.283839127 0.629163836 1.510737111 0.444108407 0.713538449 -0.540115860 0.043651616
1305031102.443270922 1.282568466 0.617923548 1.502986740 0.443475379 0.713328567 -0.540978510 0.042827507
1305031102.475317955 1.275690978 0.613208166 1.496967590 0.441463811 0.716671767 -0.537867857 0.046791562
1305031102.511219025 1.263479528 0.593671033 1.484040380 0.438774550 0.723654878 -0.530108634 0.052776402
1305031102.575285912 1.263317116 0.583165282 1.483416210 0.437689439 0.727525807 -0.525850899 0.051136935
1305031102.611232996 1.259776838 0.557707047 1.481267690 0.441901186 0.726861065 -0.523634714 0.046936338
1305031102.675285101 1.264029021 0.552208434 1.472225551 0.442057761 0.725276671 -0.525922204 0.044322919
1305031102.711262941 1.260414212 0.542157380 1.463888973 0.442773025 0.724526186 -0.526250161 0.045548011
1305031102.743233919 1.256831716 0.531495604 1.458832135 0.443687018 0.724146857 -0.525948693 0.046164191
1305031102.775471926 1.255968436 0.520725959 1.450320685 0.444525193 0.723312413 -0.526372061 0.046356875
1305031102.811232090 1.256697798 0.512974112 1.445527366 0.443123025 0.725738227 -0.524336984 0.044908103
1305031102.843290091 1.255063755 0.505899077 1.440487746 0.441323082 0.728381334 -0.522325273 0.043253664
1305031102.875363111 1.253439887 0.497287595 1.438983714 0.440647464 0.730990662 -0.519337786 0.042080020
1305031102.911185026 1.250437677 0.480953141 1.428564930 0.439306195 0.732838568 -0.518137592 0.038615244
1305031102.975203037 1.249247309 0.469349712 1.426598972 0.440205983 0.733302983 -0.516798937 0.037473810
1305031103.011214972 1.243802329 0.461764353 1.421563153 0.439708712 0.733197003 -0.517166117 0.040219522
1305031103.043226957 1.238782226 0.454535160 1.416117117 0.441735397 0.731837695 -0.516901326 0.045786970
1305031103.075319052 1.233281113 0.448518349 1.409840517 0.442524131 0.730964214 -0.516992038 0.050822677
1305031103.111239910 1.228328915 0.443187879 1.404464458 0.442660390 0.730233999 -0.517634088 0.053526024
1305031103.143317938 1.228860870 0.438114258 1.396423411 0.442649542 0.729073495 -0.519333884 0.052967336
1305031103.175451994 1.227176769 0.427008765 1.395649369 0.445729218 0.729024444 -0.516729586 0.053285640
1305031103.243216038 1.224418869 0.411237480 1.383186240 0.447532321 0.730306100 -0.513027499 0.056308141
1305031103.275369883 1.219131282 0.404440665 1.381007322 0.448172010 0.733360303 -0.507598224 0.060568627
1305031103.311209917 1.210689955 0.399067453 1.380715208 0.447854901 0.737573425 -0.500870793 0.067378627
1305031103.343223095 1.200647340 0.398987502 1.381144620 0.444711732 0.741071474 -0.497336356 0.075505596
1305031103.375327110 1.198681488 0.398258808 1.379312322 0.444497164 0.740925098 -0.497420925 0.077618903
1305031103.411259890 1.198226289 0.395624322 1.380849284 0.446357483 0.741344473 -0.495034128 0.078195793
1305031103.443279982 1.193815619 0.395908990 1.384807409 0.446689181 0.742536606 -0.492576162 0.080479116
1305031103.475274086 1.193028006 0.398943059 1.387512178 0.447111021 0.742122221 -0.492449658 0.082702344
1305031103.511332989 1.191013038 0.402748975 1.391187224 0.445693078 0.742521760 -0.492840481 0.084423788
1305031103.543443918 1.191802950 0.407740890 1.395297772 0.445140158 0.741881278 -0.494466165 0.083460295
1305031103.575474024 1.193740734 0.414599591 1.399625362 0.444758936 0.740196299 -0.497592804 0.081855539
1305031103.611222982 1.193740734 0.414599591 1.399625362 0.444758936 0.740196299 -0.497592804 0.081855539
1305031103.643445015 1.196372230 0.423764456 1.404340295 0.445356385 0.737911577 -0.500249613 0.083033245
1305031103.675523043 1.197601790 0.434466485 1.407641567 0.445010551 0.735234784 -0.504083011 0.085415105
1305031103.711610079 1.200996423 0.444464933 1.410271378 0.444915664 0.732463399 -0.508106714 0.085877753
1305031103.743325949 1.201804665 0.453499292 1.417216271 0.445519496 0.730942513 -0.509733973 0.086062177
1305031103.775341988 1.202395589 0.463005872 1.425488817 0.445362062 0.730295486 -0.510876284 0.085595319
1305031103.811242104 1.210924885 0.471171555 1.431132821 0.445219826 0.728793859 -0.513739726 0.081916490
1305031103.843250990 1.217626056 0.480345598 1.436810893 0.444152028 0.729566517 -0.513971913 0.079338178
1305031103.875360966 1.216421340 0.483744373 1.446727515 0.443859105 0.731821149 -0.510892114 0.080100873
1305031103.911221027 1.205188059 0.489750212 1.458200712 0.443034751 0.734834793 -0.506218408 0.086492540
1305031103.943211079 1.203829487 0.504331448 1.464791013 0.439974870 0.735204967 -0.507894973 0.089098079
1305031103.975373030 1.205025196 0.516375678 1.472623528 0.437980483 0.734968408 -0.510166190 0.087891947
1305031104.011231899 1.206618709 0.525921772 1.481750022 0.437414617 0.734201658 -0.511915972 0.086939152
1305031104.043248892 1.212499999 0.535332180 1.491293065 0.439597998 0.731530327 -0.514151247 0.085237762
1305031104.075424910 1.225897874 0.545043821 1.500374224 0.441026369 0.728642627 -0.518214575 0.077648685
1305031104.111234903 1.229648608 0.553681823 1.511985814 0.440691958 0.728843885 -0.518849669 0.073295357
1305031104.143229961 1.236166255 0.563607792 1.524404664 0.441749427 0.729221088 -0.517991361 0.069130299
1305031104.175424099 1.240148917 0.568203869 1.540015081 0.443443362 0.728505779 -0.518173885 0.064289496
1305031104.211282969 1.244597553 0.572187073 1.550265820 0.445295559 0.726595920 -0.519648126 0.061123311
1305031104.243196011 1.248942119 0.577574009 1.560474549 0.447911510 0.724124376 -0.521129238 0.058681205
1305031104.275546074 1.254770114 0.583382754 1.568660963 0.450512077 0.721171710 -0.523188695 0.056778712
1305031104.311218977 1.255764594 0.589039656 1.580834659 0.452047020 0.720168935 -0.523420300 0.055148753
1305031104.343342066 1.255623239 0.594249475 1.590171725 0.454182792 0.718808548 -0.523518568 0.054411130
1305031104.375837088 1.261315842 0.601911137 1.598896511 0.455510374 0.718560177 -0.522930078 0.052208275
1305031104.411509037 1.266714272 0.608962194 1.607159480 0.457374317 0.718383943 -0.521646452 0.051168574
1305031104.443288088 1.275909119 0.614913782 1.614495505 0.459040206 0.718047874 -0.520905287 0.048446083
1305031104.475455999 1.280296859 0.621989991 1.619349922 0.459430058 0.718028042 -0.520641815 0.047873308
1305031104.511328936 1.282211671 0.629666886 1.624508444 0.459521029 0.718101478 -0.520363690 0.048911360
1305031104.543368101 1.279699444 0.642044752 1.631768233 0.459248848 0.718378999 -0.519937861 0.051833679
1305031104.575342894 1.278756720 0.647270155 1.638955567 0.460393032 0.716568513 -0.521337115 0.052682393
1305031104.611335993 1.275397431 0.652505336 1.651430282 0.461252426 0.715692675 -0.521824387 0.052244665
1305031104.643243074 1.277215357 0.661130678 1.669441549 0.463902763 0.712862056 -0.523735803 0.048194657
1305031104.675524950 1.275713362 0.661200898 1.697104295 0.470447695 0.709254583 -0.523417097 0.040883302
1305031104.711277008 1.272552397 0.664595029 1.725154963 0.476610760 0.706164871 -0.522534549 0.033630398
1305031104.743279934 1.264482751 0.665558822 1.761503160 0.483573067 0.703185975 -0.520536310 0.026991178
1305031104.775326967 1.257153982 0.666169712 1.795018589 0.489985926 0.700176380 -0.518886074 0.020592998
1305031104.811465025 1.245414791 0.667796691 1.822300106 0.495863854 0.697051821 -0.517702178 0.014908124
1305031104.843257904 1.239716977 0.670226959 1.847493787 0.501953588 0.693896745 -0.516197353 0.009497150
1305031104.875349998 1.222987065 0.669257100 1.879648745 0.504523644 0.695719789 -0.511241474 0.007875439
1305031104.911534071 1.215413627 0.666812485 1.890748080 0.505498179 0.695912463 -0.510018137 0.007676938
1305031104.943262100 1.213806700 0.668652125 1.893635469 0.505838495 0.695826229 -0.509792683 0.008043365
1305031104.975202084 1.212072881 0.669706125 1.891437661 0.505913027 0.695543902 -0.510096966 0.008472027
1305031105.011290073 1.216410824 0.665740724 1.883860161 0.506043820 0.694825210 -0.510956891 0.007786906
1305031105.043373108 1.230718153 0.664290631 1.867186819 0.506284114 0.693294479 -0.512807343 0.006913075
1305031105.075320005 1.248621890 0.661698230 1.841414261 0.506091805 0.691278922 -0.515725446 0.005639255
1305031105.111299038 1.269600968 0.656904581 1.811370267 0.505918158 0.688827659 -0.519179831 0.003946745
1305031105.143105984 1.285042501 0.652236347 1.788282264 0.505753316 0.687091539 -0.521642857 0.002743988
1305031105.175158978 1.304781510 0.642824302 1.753955027 0.505606370 0.684078820 -0.525734563 0.001239156
1305031105.211267948 1.318168559 0.631308047 1.724304849 0.503726536 0.686915921 -0.523828581 0.003116330
1305031105.243269920 1.326659872 0.623937605 1.703512977 0.502603649 0.690046992 -0.520745504 0.006988690
1305031105.275288105 1.315706660 0.616269143 1.684534050 0.497162331 0.694174828 -0.520338963 0.014081487
1305031105.311290026 1.307386251 0.612593207 1.660317408 0.491100275 0.698661819 -0.519798335 0.022402546
1305031105.343302011 1.292839762 0.605192500 1.643426153 0.486215187 0.702784835 -0.518255415 0.033160114
1305031105.375338078 1.277887485 0.600493400 1.629626836 0.479579914 0.707657011 -0.517260024 0.040825577
1305031105.411286116 1.268014175 0.595914690 1.623801581 0.478472531 0.709982205 -0.514604737 0.046596905
1305031105.443315983 1.268528281 0.590771948 1.600345371 0.473600417 0.710599651 -0.518078265 0.048432337
1305031105.475280046 1.258209621 0.583108955 1.596796650 0.471082660 0.715244572 -0.513486160 0.053275639
1305031105.511332035 1.247375011 0.579043266 1.591479383 0.469340912 0.718195459 -0.510297328 0.059253927
1305031105.543282032 1.248064835 0.571823598 1.582579564 0.466839744 0.720837472 -0.508861975 0.059274640
1305031105.575448990 1.251902958 0.565019668 1.571127425 0.465560854 0.721758771 -0.508820212 0.058475292
1305031105.611377954 1.254849125 0.558982906 1.560318823 0.464152748 0.722369228 -0.509325812 0.057724716
1305031105.643273115 1.252254906 0.541665228 1.538966429 0.463576999 0.722154968 -0.510062653 0.058520576
1305031105.711308956 1.249609804 0.531233224 1.529294569 0.463881962 0.721670831 -0.510391876 0.059201943
1305031105.743311882 1.247767544 0.519506124 1.522908828 0.464424818 0.721368404 -0.510610288 0.056695212
1305031105.775338888 1.249142360 0.507625055 1.516967795 0.465748249 0.720737039 -0.510643052 0.053482347
1305031105.811283112 1.248621044 0.493597812 1.510908673 0.466532524 0.721134820 -0.509739557 0.049775087
1305031105.843271017 1.250206496 0.480295648 1.507248099 0.468740403 0.720488481 -0.508978020 0.046045193
1305031105.875336885 1.246174997 0.469845528 1.501642030 0.469635736 0.720182928 -0.508672772 0.045064810
1305031105.911262035 1.247118205 0.455867111 1.494626957 0.471310598 0.719656440 -0.508213946 0.040981874
1305031105.943272114 1.250795862 0.448216311 1.484609249 0.471939711 0.719877430 -0.507438309 0.039443097
1305031105.975328922 1.253820164 0.440021682 1.475655831 0.470805144 0.721241267 -0.506774302 0.036515163
1305031106.011285067 1.247467576 0.432515193 1.470934273 0.469238727 0.724877821 -0.502888057 0.038350532
1305031106.043354988 1.247068835 0.425049871 1.463316990 0.469048679 0.726837912 -0.500178587 0.039004704
1305031106.075330019 1.240821752 0.417138654 1.459832980 0.469152193 0.730117302 -0.495031885 0.042052099
1305031106.111326933 1.235880391 0.408833993 1.456322800 0.468425617 0.733185547 -0.491020079 0.043768446
1305031106.143354893 1.231255555 0.398090709 1.451080502 0.468305584 0.735645981 -0.487261527 0.045728279
1305031106.175534010 1.223491109 0.388901939 1.450140594 0.469186418 0.739017261 -0.480757711 0.050888268
1305031106.211275101 1.218531667 0.382861001 1.446055567 0.468372206 0.741339936 -0.477603643 0.054197186
1305031106.243267059 1.213083590 0.378554157 1.443492048 0.467294683 0.743692767 -0.474618528 0.057393384
1305031106.276385069 1.210983145 0.374590977 1.438314771 0.468486803 0.742745142 -0.474628155 0.059815416
1305031106.311238050 1.209232539 0.369348546 1.432920301 0.468857740 0.742642214 -0.474212109 0.061464111
1305031106.343257904 1.205960182 0.366663016 1.428212682 0.468452497 0.743775402 -0.472359687 0.065013344
1305031106.375387907 1.203262675 0.363062118 1.425051857 0.467705565 0.746106647 -0.468987701 0.068021419
1305031106.411319971 1.198416273 0.356690943 1.428742799 0.465151028 0.752856759 -0.460491037 0.069204235
1305031106.443278074 1.196072520 0.352065168 1.434844229 0.463563942 0.757976469 -0.454000101 0.066813570
1305031106.475344896 1.196207824 0.349340723 1.441192363 0.464105499 0.759816016 -0.450776352 0.063924865
1305031106.511128902 1.195478161 0.351462906 1.444917840 0.462787683 0.760533448 -0.450924264 0.063904176
1305031106.543302059 1.194152071 0.356980499 1.448450243 0.461683881 0.760109049 -0.452532336 0.065549316
1305031106.575282097 1.198008229 0.367642702 1.449511585 0.459433884 0.758506897 -0.457538076 0.065166726
1305031106.611150980 1.201026923 0.374043665 1.454276651 0.459105891 0.757147243 -0.460294128 0.063868215
1305031106.643207073 1.201242900 0.381744434 1.459122704 0.457211184 0.757603523 -0.461271411 0.064988613
1305031106.675278902 1.201522350 0.389800338 1.466789661 0.455403597 0.758371670 -0.461792912 0.065017542
1305031106.711508036 1.202946984 0.400073061 1.471489121 0.453870655 0.757246677 -0.465069232 0.065494326
1305031106.743340969 1.202674122 0.409234788 1.477601507 0.453440822 0.756823777 -0.465669781 0.068998892
1305031106.775389910 1.202462246 0.423357380 1.479705311 0.451277968 0.755078539 -0.469995500 0.072861685
1305031106.811289072 1.203026052 0.435798872 1.483646422 0.450278392 0.753184070 -0.473599009 0.075280177
1305031106.843415976 1.203026052 0.435798872 1.483646422 0.450278392 0.753184070 -0.473599009 0.075280177
1305031106.875905037 1.202398191 0.446432997 1.493776663 0.450261540 0.752604876 -0.474119001 0.077856405
1305031106.911242962 1.209366107 0.462718956 1.501356033 0.446711264 0.751714861 -0.479361044 0.074744917
1305031106.943439007 1.220521426 0.474412876 1.508298970 0.445800953 0.750439370 -0.482946346 0.069750186
1305031106.975547075 1.225206376 0.486069547 1.522084962 0.442924705 0.752101245 -0.483577868 0.065680051
1305031107.011575937 1.234282494 0.498950134 1.537457628 0.442617425 0.751271070 -0.485963199 0.059341080
1305031107.043281078 1.251311725 0.511488699 1.545303931 0.441410776 0.749339924 -0.490981020 0.050831521
1305031107.075432062 1.259463020 0.520421529 1.557277278 0.441219156 0.750195018 -0.490190268 0.047398231
1305031107.111228943 1.264593494 0.530697798 1.570072606 0.441780586 0.748541050 -0.492462198 0.044689973
1305031107.143260002 1.269728424 0.544618805 1.577586986 0.441690837 0.746337589 -0.495984292 0.043462513
1305031107.175399065 1.277323797 0.554913090 1.585150224 0.440626284 0.746089808 -0.497533848 0.040725241
1305031107.211358070 1.277660949 0.565190455 1.598268948 0.440725405 0.746509950 -0.496852765 0.040265886
1305031107.243377924 1.281164931 0.573279497 1.611785301 0.442418424 0.744467382 -0.498619874 0.037582930
1305031107.275398016 1.289481279 0.580079605 1.621328474 0.444429469 0.741845023 -0.501026216 0.033483414
1305031107.311225891 1.294703479 0.587416987 1.632049318 0.445574616 0.739676783 -0.503459360 0.029499004
1305031107.343508959 1.300210528 0.593572174 1.649261049 0.447057649 0.737871343 -0.505085609 0.023955544
1305031107.375412941 1.295750263 0.596071654 1.672929541 0.448333785 0.735655144 -0.507397560 0.018869094
1305031107.411271095 1.305919105 0.602218455 1.680864433 0.451050352 0.731622359 -0.510975571 0.013648052
1305031107.443418980 1.310692043 0.605594286 1.686468709 0.452785968 0.728726887 -0.513657960 0.009873825
1305031107.475377083 1.310013971 0.605996001 1.693251094 0.453959406 0.727400397 -0.514546000 0.007206551
1305031107.511352062 1.315130965 0.607194546 1.700607133 0.456467577 0.726775981 -0.513236558 0.004718101
1305031107.543605089 1.319382178 0.609747496 1.699540790 0.456907515 0.726237030 -0.513618565 0.003356979
1305031107.575453997 1.319394219 0.610137303 1.696488847 0.457890675 0.725920725 -0.513186896 0.003800025
1305031107.611270905 1.319131182 0.612756329 1.696099992 0.458499021 0.725589270 -0.513109948 0.004128017
1305031107.643322945 1.321441660 0.612674382 1.692447326 0.459326218 0.724807667 -0.513475798 0.003984496
1305031107.675568104 1.323182927 0.611516870 1.685029144 0.459649534 0.724223381 -0.514008717 0.004223567
1305031107.711307049 1.322862616 0.609533536 1.681199274 0.460135893 0.723655558 -0.514368970 0.004707028
1305031107.743537903 1.322892241 0.606446493 1.676938990 0.460434750 0.723255562 -0.514661912 0.004934507
1305031107.775801897 1.325101425 0.603893149 1.669084112 0.460937794 0.722464716 -0.515310019 0.006055525
1305031107.811595917 1.324478061 0.601900869 1.664163537 0.460456963 0.722385317 -0.515835409 0.007257455
1305031107.843332052 1.322907884 0.598675171 1.658410338 0.460281895 0.722158196 -0.516301173 0.007824063
1305031107.875358105 1.322909816 0.595885118 1.654664877 0.460632461 0.722006869 -0.516196386 0.008068901
1305031107.911540985 1.323615720 0.593201813 1.653531489 0.460429020 0.722330327 -0.515940783 0.007008908
1305031107.943121910 1.326420729 0.590424304 1.654675985 0.460471059 0.722758319 -0.515332541 0.004380352
1305031107.975806952 1.329680307 0.588968279 1.656653505 0.460800255 0.722826856 -0.514957814 0.001706018
1305031108.011320114 1.331649326 0.587746639 1.664367964 0.462906495 0.723498194 -0.512120993 -0.000166708
1305031108.043417931 1.333982589 0.587574190 1.663839602 0.461831575 0.723771432 -0.512678326 -0.005238775
1305031108.075351954 1.343475317 0.582699499 1.668442600 0.467478195 0.722247862 -0.509627328 -0.010106908
1305031108.111377954 1.349710073 0.577285308 1.673347742 0.475469743 0.720082437 -0.505162213 -0.014864239
1305031108.143333912 1.358075542 0.571660753 1.678366068 0.481065730 0.718355806 -0.502160836 -0.019369927
1305031108.176058054 1.356883756 0.572632603 1.675525254 0.481718635 0.717935004 -0.502094388 -0.020438022
1305031108.211474895 1.356833324 0.570299072 1.668463587 0.482870340 0.717120427 -0.502139476 -0.020747858
1305031108.243346930 1.357149515 0.575108136 1.661403568 0.483620006 0.717352090 -0.501170278 -0.018601628
1305031108.275357962 1.353450785 0.575568938 1.657714812 0.483223804 0.717610424 -0.501160347 -0.019192201
1305031108.311331987 1.353086541 0.574072303 1.654121847 0.483830567 0.717380310 -0.500851788 -0.020517284
1305031108.343277931 1.354354700 0.576980109 1.645915847 0.484907511 0.716970117 -0.500475069 -0.018527359
1305031108.375410080 1.349154001 0.579036545 1.645098752 0.485505373 0.719497562 -0.496406722 -0.013717022
1305031108.411360979 1.341442997 0.584237185 1.637194383 0.487861757 0.718573001 -0.495592141 -0.005672526
1305031108.443609953 1.333449573 0.588022176 1.631207092 0.490487282 0.717553589 -0.494504369 0.002121882
1305031108.475471020 1.325234421 0.591130359 1.625975810 0.493227282 0.716391303 -0.493385513 0.009004679
1305031108.511378050 1.316840026 0.596074035 1.623387241 0.496050151 0.715358947 -0.491886414 0.015607053
1305031108.543736935 1.313605196 0.599110621 1.623256653 0.498317670 0.714368601 -0.491011230 0.016278001
1305031108.575413942 1.321615407 0.594049497 1.624033759 0.504848095 0.710241914 -0.490490991 0.010169258
1305031108.611407042 1.328689609 0.592256607 1.621468954 0.506419893 0.708822626 -0.490999286 0.005392484
1305031108.643302917 1.328288534 0.593294788 1.618685453 0.508810586 0.707767210 -0.490061066 0.004185067
1305031108.675374985 1.330549606 0.587313779 1.619419103 0.513146014 0.706501339 -0.487376047 0.001271019
1305031108.711410999 1.328710082 0.584762402 1.616061141 0.516998790 0.705245831 -0.485118195 0.000951666
1305031108.743501902 1.327631349 0.579602766 1.622960846 0.526773686 0.703102615 -0.477649918 0.002598506
1305031108.775492907 1.326218568 0.577158454 1.622919440 0.529964573 0.701953986 -0.475807971 0.002219854
1305031108.811244011 1.326221571 0.574885097 1.622161956 0.533124798 0.700758535 -0.474039114 0.001530615
1305031108.843264103 1.323855832 0.573981338 1.621757343 0.536033031 0.699514501 -0.472592710 0.002045333
1305031108.943243027 1.319680558 0.585004717 1.619862147 0.540034826 0.693502596 -0.476797465 0.008984062
1305031108.975267887 1.319680558 0.585004717 1.619862147 0.540034826 0.693502596 -0.476797465 0.008984062
1305031109.011269093 1.323755880 0.589144463 1.617494566 0.537219080 0.693185437 -0.480425445 0.009000120
1305031109.043277025 1.321263308 0.593108467 1.616381264 0.534978686 0.694036062 -0.481654543 0.010984136
1305031109.075409889 1.327111588 0.592068137 1.617726136 0.533912909 0.694450842 -0.482285031 0.008728287
1305031109.111282110 1.328906277 0.594629709 1.613553833 0.530930240 0.695261867 -0.484386542 0.009679592
1305031109.143333912 1.323714122 0.594904824 1.618175932 0.526869335 0.700013827 -0.481941997 0.011011685
1305031109.175463915 1.324314114 0.597000680 1.617593645 0.525124366 0.700338187 -0.483344061 0.012220574
1305031109.211379051 1.325205537 0.602442004 1.609467474 0.519023221 0.701837018 -0.487681090 0.014382271
1305031109.243289948 1.328648056 0.604906855 1.601832905 0.518731346 0.701228653 -0.488692868 0.019376483
1305031109.275307894 1.323296362 0.606530652 1.604513826 0.519307980 0.703503940 -0.484435910 0.026893805
1305031109.311328888 1.320757529 0.608377957 1.607040840 0.519452802 0.703257624 -0.484415948 0.030638048
1305031109.343247890 1.319871395 0.612566713 1.604781842 0.515361811 0.703404354 -0.488301797 0.034436519
1305031109.375396967 1.317238487 0.616382143 1.599772897 0.511037349 0.704562477 -0.490840129 0.038839559
1305031109.411329031 1.315406633 0.619632567 1.596499655 0.507578556 0.705329923 -0.493015536 0.042536929
1305031109.443301916 1.314864981 0.620398085 1.596498071 0.505477435 0.706036219 -0.494028512 0.044059604
1305031109.475363016 1.313491528 0.619388034 1.599271225 0.499822301 0.710955991 -0.492708679 0.044242552
1305031109.511272907 1.312606942 0.616479517 1.603826863 0.497942684 0.713515909 -0.490935292 0.043939396
1305031109.543293953 1.315537414 0.615723339 1.608221736 0.496584490 0.714328827 -0.491204642 0.043083297
1305031109.575361967 1.318445902 0.617515306 1.610438551 0.495162181 0.714617229 -0.492286218 0.042319146
1305031109.611310005 1.321976658 0.615104742 1.614086156 0.494843107 0.715076933 -0.492026932 0.041288947
1305031109.643229008 1.324917463 0.612949415 1.615305517 0.494088432 0.715332179 -0.492464398 0.040685538
1305031109.675262928 1.326730920 0.611502544 1.614727571 0.493404662 0.715385169 -0.493068171 0.040739149
1305031109.711312056 1.328795029 0.608151801 1.614937616 0.494189426 0.715059583 -0.492680096 0.041628438
1305031109.743273973 1.333040168 0.603190682 1.610586765 0.492520375 0.715324819 -0.494057834 0.040508530
1305031109.775276899 1.331464155 0.604857871 1.609813491 0.488490286 0.719010721 -0.492574343 0.042087285
1305031109.811371088 1.332782646 0.599144533 1.607942574 0.488087428 0.719222932 -0.492680238 0.041895348
1305031109.843296051 1.335301963 0.592362959 1.607419305 0.487979480 0.719556767 -0.492361328 0.041163210
1305031109.875305891 1.334226821 0.585499721 1.607235920 0.487761351 0.720453679 -0.491188217 0.042065374
1305031109.911264896 1.332534455 0.580759341 1.605200599 0.485784291 0.721984395 -0.490800303 0.043211325
1305031109.943299055 1.328238292 0.578122426 1.604143861 0.482647185 0.723484646 -0.491545941 0.044768853
1305031109.975258112 1.327567118 0.571084383 1.602702924 0.479706699 0.725871624 -0.490983482 0.043898622
1305031110.011255980 1.320009428 0.568223096 1.607827394 0.474804136 0.731833634 -0.486683626 0.046039254
1305031110.043298960 1.314121455 0.564980054 1.609249317 0.469534403 0.736288648 -0.485017265 0.046633934
1305031110.075319052 1.311312151 0.559130756 1.611183719 0.465211632 0.740610757 -0.482681288 0.045745140
1305031110.111325026 1.308251912 0.555556314 1.612470092 0.460839263 0.744707234 -0.480542754 0.046010551
1305031110.143431902 1.297506140 0.552355127 1.616554803 0.456343571 0.749849725 -0.476431481 0.049889669
1305031110.175641060 1.293446072 0.547214502 1.616817004 0.454840480 0.750564077 -0.476530753 0.051885898
1305031110.211637020 1.292854863 0.541784811 1.614410722 0.453062218 0.751238668 -0.477012412 0.053237666
1305031110.243323088 1.289193173 0.533909545 1.618138360 0.454039926 0.752102199 -0.474440414 0.055644605
1305031110.279320955 1.286582040 0.535767875 1.618014223 0.452559228 0.751907032 -0.475783929 0.058784468
1305031110.311403990 1.286704242 0.540505924 1.616668701 0.449838912 0.751913803 -0.478170756 0.060193967
1305031110.343354940 1.287998700 0.545361289 1.614514463 0.446821510 0.751689977 -0.481218848 0.061164835
1305031110.379281044 1.290340046 0.547267331 1.613769751 0.445230992 0.751372782 -0.483014490 0.062492478
1305031110.411468983 1.288303667 0.551223000 1.611891071 0.441298128 0.752014669 -0.485387821 0.064253897
1305031110.443259954 1.293439712 0.549212620 1.608394354 0.438139648 0.752357054 -0.487873671 0.063022162
1305031110.479331017 1.292394948 0.536289323 1.609372761 0.436124837 0.754172278 -0.486818682 0.063457639
1305031110.511429071 1.290306800 0.528441761 1.613329254 0.434240036 0.755559531 -0.486250698 0.064231188
1305031110.543407917 1.288900434 0.527823304 1.611379523 0.431036546 0.756180559 -0.488029617 0.065004233
1305031110.579426050 1.293761857 0.520417770 1.607167731 0.429201235 0.756308024 -0.489591805 0.063908819
1305031110.611306906 1.286681800 0.523488957 1.604558874 0.421020338 0.761503298 -0.488260773 0.066753430
1305031110.643418074 1.281406887 0.513505447 1.608715167 0.419944710 0.763350316 -0.486187306 0.067562111
1305031110.679605961 1.284963125 0.515125574 1.608978545 0.418249081 0.763611768 -0.487407547 0.066322375
1305031110.711411953 1.290011724 0.509218091 1.607119660 0.417767283 0.763592744 -0.488056973 0.064784327
1305031110.743248940 1.286932915 0.498345526 1.611340547 0.418921347 0.764305832 -0.485839687 0.065584285
1305031110.779192924 1.286551663 0.496445056 1.613566890 0.418745121 0.764653573 -0.485425916 0.065719986
1305031110.811386108 1.287701196 0.495950954 1.612879363 0.418150478 0.764756481 -0.485838931 0.065255157
1305031110.843218088 1.289948326 0.489721519 1.613478581 0.418206904 0.765123169 -0.485390346 0.063919744
1305031110.879312992 1.287108106 0.485684864 1.615784004 0.418599191 0.765495082 -0.484351449 0.064773989
1305031110.911333084 1.286726144 0.488659844 1.614817231 0.418146232 0.765402353 -0.484819359 0.065292847
1305031110.943861961 1.285429214 0.487744801 1.613891683 0.418059394 0.765410979 -0.484810210 0.065813642
1305031110.979345083 1.284708584 0.490522090 1.612092835 0.417731033 0.765236129 -0.485291585 0.066381681
1305031111.011430979 1.285904039 0.487317226 1.608937457 0.418141522 0.765048448 -0.485331425 0.065665422
1305031111.043327093 1.285588959 0.479685171 1.615124005 0.423980026 0.764531561 -0.481027356 0.065917469
1305031111.079282999 1.286088553 0.478853176 1.615104377 0.425495151 0.764304433 -0.480091653 0.065609558
1305031111.111507893 1.281416153 0.474548464 1.615387804 0.428423201 0.763901529 -0.477847543 0.067599862
1305031111.143256903 1.275312885 0.476876024 1.614507055 0.429420059 0.763734521 -0.476906217 0.069774312
1305031111.179326057 1.274995691 0.482841344 1.613495814 0.429405541 0.763479493 -0.477299403 0.069965879
1305031111.211432934 1.273148434 0.489182709 1.611355925 0.429747958 0.763178331 -0.477448555 0.070131340
1305031111.243236065 1.272191500 0.489677474 1.611210136 0.430965526 0.763165862 -0.476465055 0.069481183
1305031111.279308081 1.268354473 0.493916153 1.612458885 0.431848613 0.762982157 -0.475720989 0.071095316
1305031111.311547041 1.266717033 0.510242268 1.607909323 0.430333744 0.762038589 -0.478523197 0.071593342
1305031111.343396902 1.268863807 0.516901965 1.602539372 0.431096258 0.760837231 -0.479729062 0.071712973
1305031111.379133940 1.259541133 0.515466149 1.605108396 0.432787382 0.761241868 -0.476926484 0.075809166
1305031111.411295891 1.250127015 0.531496205 1.600111663 0.431526252 0.760416660 -0.478642027 0.080333106
1305031111.443386078 1.254175311 0.540156661 1.597463093 0.431754241 0.758817673 -0.481071561 0.079713029
1305031111.479259014 1.252299097 0.544447003 1.594750541 0.430193257 0.759049364 -0.482106731 0.079692687
1305031111.511264086 1.252204287 0.551300442 1.594798883 0.431316310 0.758942395 -0.481576940 0.077822441
1305031111.543250084 1.259591808 0.553605192 1.602795714 0.437957453 0.758245347 -0.477554795 0.072101879
1305031111.579236984 1.258099778 0.564277751 1.602452627 0.437395061 0.758028213 -0.478581736 0.070981061
1305031111.611270905 1.260109987 0.573120591 1.599429835 0.438113657 0.757275818 -0.479275779 0.069889103
1305031111.643394947 1.251747629 0.579312957 1.601097558 0.441052118 0.756548633 -0.477014312 0.074595850
1305031111.679320097 1.248365476 0.588611425 1.600648071 0.446350392 0.751829600 -0.478958703 0.078244106
1305031111.711760044 1.260037766 0.592097258 1.598176503 0.458420502 0.745655712 -0.477991627 0.073295344
1305031111.743386030 1.266094922 0.587264496 1.605831295 0.462896365 0.745931228 -0.474036619 0.067844249
1305031111.779422998 1.274668103 0.583538609 1.613642647 0.474376631 0.742299586 -0.469421342 0.060014506
1305031111.811405897 1.299828798 0.575775374 1.624337396 0.489930663 0.738007751 -0.461571670 0.047582532
1305031111.843298912 1.312962891 0.570211773 1.635202950 0.502556161 0.734619264 -0.454007836 0.040604517
1305031111.879441977 1.320041192 0.573708479 1.631661175 0.504023350 0.732995102 -0.455348245 0.036559790
1305031111.911354065 1.320255379 0.573484823 1.631212324 0.505747241 0.732449237 -0.454355384 0.036042037
1305031111.943300009 1.315510268 0.581993265 1.628739655 0.506975871 0.730722436 -0.455414715 0.040219709
1305031111.979449034 1.311413818 0.589699473 1.622466981 0.510804533 0.725884334 -0.458322563 0.045946625
1305031112.011432886 1.311413468 0.598163897 1.617376823 0.512594406 0.723694995 -0.459590835 0.047841337
1305031112.043270111 1.315465427 0.597692274 1.621718680 0.513888346 0.723920772 -0.458250073 0.043178161
1305031112.079339027 1.320439833 0.599828214 1.622031883 0.514293785 0.723677074 -0.458621293 0.038208714
1305031112.111423016 1.325957627 0.595298639 1.627841497 0.519678149 0.722912156 -0.454241314 0.031582660
1305031112.144341946 1.328116313 0.592987265 1.629734094 0.520453317 0.723228470 -0.453118489 0.027432817
1305031112.179389954 1.331164628 0.591903470 1.629459163 0.520412586 0.724214094 -0.451818534 0.023338792
1305031112.211253881 1.334438025 0.585310751 1.636647206 0.522549199 0.726792070 -0.445424955 0.017670036
1305031112.243369102 1.333999790 0.578632387 1.646436846 0.526181639 0.727584374 -0.440005912 0.012192558
1305031112.279352903 1.337035677 0.574720875 1.651545001 0.529683505 0.726212935 -0.438213309 0.004387946
1305031112.311311960 1.338908506 0.572193402 1.655572626 0.530926908 0.725753301 -0.437489419 -0.001331252
1305031112.343322992 1.340694354 0.574657930 1.654595230 0.533550978 0.722156316 -0.440227743 -0.003625415
1305031112.379359961 1.342340010 0.577226604 1.651414509 0.535364155 0.718765172 -0.443547393 -0.005249668
1305031112.411442041 1.342124875 0.580346213 1.648266060 0.538084443 0.715344704 -0.445792793 -0.003984045
1305031112.443391085 1.339844440 0.585321483 1.646799717 0.538774541 0.714336951 -0.446586903 -0.002202898
1305031112.479418039 1.337429754 0.587186577 1.646561499 0.541536336 0.712105416 -0.446814654 -0.000968724
1305031112.511503935 1.337309370 0.589407861 1.645998126 0.544881905 0.709166212 -0.447422050 0.000709647
1305031112.543211937 1.333057613 0.591807435 1.645152630 0.545694057 0.708125976 -0.448072646 0.002549733
1305031112.579252005 1.332646614 0.593766932 1.645251969 0.546560343 0.707062661 -0.448689121 0.003501114
1305031112.611260891 1.330603319 0.596778160 1.643908112 0.547654766 0.705791864 -0.449336534 0.005364853
1305031112.643245935 1.328358964 0.598100788 1.640645396 0.549100253 0.704946843 -0.448891406 0.005946990
1305031112.679951906 1.327620002 0.589537187 1.643950206 0.557574146 0.702065337 -0.442937544 0.004654833
1305031112.711251020 1.325210766 0.587449711 1.642314168 0.560348198 0.701060910 -0.441028747 0.004140287
1305031112.743244886 1.326073029 0.583740066 1.639813723 0.562800217 0.699935372 -0.439703692 0.002655811
1305031112.779309988 1.326403422 0.581025902 1.641930285 0.566880626 0.700106013 -0.434130110 0.005382686
1305031112.811310053 1.318530223 0.578942572 1.648513833 0.569951597 0.701789162 -0.427249665 0.010240785
1305031112.843286037 1.317372953 0.577070545 1.647069876 0.569562787 0.702084876 -0.427275023 0.010541016
1305031112.879420996 1.315660168 0.581659405 1.638119342 0.565878987 0.702738568 -0.430986830 0.013777838
1305031112.911411047 1.312906192 0.583355547 1.637527547 0.565245721 0.704052518 -0.429551559 0.017110955
1305031112.943320990 1.312906192 0.583355547 1.637527547 0.565245721 0.704052518 -0.429551559 0.017110955
1305031112.979278088 1.310066762 0.587749878 1.634980533 0.561500972 0.705744145 -0.431545825 0.020249954
1305031113.011353016 1.308376769 0.591774488 1.632351405 0.558040663 0.706970468 -0.433895145 0.022767906
1305031113.043231010 1.308586566 0.594404192 1.628866000 0.555737301 0.707654973 -0.435654528 0.024199671
1305031113.079251051 1.308484280 0.595562277 1.628625630 0.554665396 0.708615566 -0.435364880 0.025839889
1305031113.111315966 1.308345916 0.598455745 1.630065170 0.551634717 0.709865356 -0.437133338 0.026547300
1305031113.143306017 1.315218908 0.600825368 1.624815574 0.547035817 0.710372260 -0.442144331 0.025128835
1305031113.179342985 1.316804306 0.601090170 1.622448423 0.544848086 0.711312125 -0.443283168 0.025993379
1305031113.211258888 1.315795737 0.600811179 1.625159806 0.544684683 0.711478583 -0.443088458 0.028096977
1305031113.243227005 1.319764666 0.604441841 1.623183733 0.543152019 0.710323666 -0.446679350 0.030062118
1305031113.279311895 1.318643593 0.608260491 1.620128297 0.541275506 0.710504521 -0.448391204 0.033903988
1305031113.311451912 1.314342566 0.613524026 1.619653680 0.538573810 0.710835843 -0.450757564 0.038318063
1305031113.343251944 1.314606824 0.617982341 1.619512367 0.538337612 0.707499298 -0.455983107 0.041433872
1305031113.379312038 1.314300368 0.623320886 1.613336064 0.534495627 0.706286717 -0.462031334 0.044727439
1305031113.411624908 1.311929332 0.623166103 1.609109337 0.530192125 0.707603565 -0.464676834 0.047633446
1305031113.443265915 1.308041105 0.626872403 1.609864408 0.525498997 0.708970156 -0.467554103 0.051041970
1305031113.479310989 1.307942569 0.626460177 1.605215875 0.519277472 0.710881404 -0.471522516 0.051624159
1305031113.511523008 1.303988642 0.627769789 1.602778675 0.511407549 0.715676850 -0.472631826 0.053741244
1305031113.543241978 1.298657966 0.625369434 1.603225463 0.508855722 0.717523233 -0.472191711 0.057107377
1305031113.579301119 1.296763101 0.624044594 1.602770117 0.506298125 0.718263846 -0.473591021 0.058913498
1305031113.611268044 1.292305680 0.623948839 1.598514378 0.501154241 0.719960700 -0.476253549 0.060692460
1305031113.643222094 1.293294867 0.627215665 1.592398874 0.493021745 0.723847363 -0.478979923 0.059605258
1305031113.679287910 1.292770812 0.620926746 1.596120361 0.490615656 0.726725181 -0.477309108 0.057816997
1305031113.711930990 1.294450865 0.615227557 1.599210523 0.488847297 0.728583543 -0.476556289 0.055573775
1305031113.743590117 1.296563159 0.610255179 1.602734263 0.486749319 0.730523422 -0.476086470 0.052462400
1305031113.779320002 1.298991814 0.604407437 1.606000913 0.485503769 0.731932766 -0.475517394 0.049434034
1305031113.811237097 1.302569876 0.598459412 1.610000909 0.484962483 0.732716591 -0.475136889 0.046719619
1305031113.843295097 1.303990349 0.596428813 1.610839692 0.484163731 0.733087613 -0.475465255 0.045834748
1305031113.879281044 1.306214583 0.588617336 1.614125087 0.482818722 0.734959325 -0.474214244 0.042915289
1305031113.911289930 1.306976460 0.588851516 1.615488572 0.481455891 0.735057916 -0.475476880 0.042565510
1305031113.943290949 1.309057439 0.592345643 1.616327568 0.480943016 0.734718634 -0.476460388 0.043218553
1305031113.979293108 1.313207813 0.590849591 1.619529331 0.480634224 0.734924314 -0.476633859 0.041196603
1305031114.011256933 1.317200020 0.587600938 1.623371774 0.478884832 0.735835543 -0.477269433 0.037805566
1305031114.043301105 1.319167438 0.586917621 1.625486647 0.477744325 0.736060776 -0.478107504 0.037257319
1305031114.079284906 1.317798316 0.590032721 1.625538492 0.475456682 0.736232503 -0.479951465 0.039360340
1305031114.111263037 1.316963903 0.595888001 1.623315667 0.472608520 0.735698544 -0.483307570 0.042457431
1305031114.143284082 1.316830934 0.597459511 1.618488265 0.467792532 0.736182206 -0.487134591 0.043655431
1305031114.179337025 1.317133669 0.596037370 1.618047597 0.465436257 0.736594398 -0.488714415 0.044226730
1305031114.211302996 1.317302133 0.599814858 1.619169440 0.463753986 0.736737050 -0.490087045 0.044333386
1305031114.243336916 1.322569331 0.592578973 1.619936654 0.462718159 0.737390761 -0.490275718 0.042148442
1305031114.279390097 1.322022244 0.584878904 1.619922676 0.460267862 0.738353512 -0.491090603 0.042633409
1305031114.311429024 1.317128626 0.585732015 1.617176892 0.455762066 0.738967355 -0.494026258 0.046327578
1305031114.343331099 1.310504001 0.586868719 1.608037549 0.449496780 0.739607751 -0.498411524 0.050189371
1305031114.379319906 1.310579997 0.580884867 1.607657137 0.446342072 0.740750107 -0.499606849 0.049608768
1305031114.411396980 1.312840922 0.575601084 1.609146859 0.444616946 0.741591072 -0.500020686 0.048350456
1305031114.443345070 1.314247836 0.571002316 1.612782450 0.443568015 0.742252073 -0.500031631 0.047724674
1305031114.479331970 1.311080072 0.570271718 1.610878836 0.440540315 0.742818324 -0.501712395 0.049293413
1305031114.511265993 1.307794964 0.573341026 1.604135146 0.435145532 0.742985601 -0.505855944 0.052254437
1305031114.543236017 1.305081310 0.570997135 1.596764901 0.428831026 0.744046462 -0.509564369 0.053319482
1305031114.579236984 1.301017432 0.566970559 1.594841590 0.427876912 0.744417164 -0.509669246 0.054787715
1305031114.611391068 1.299974960 0.564964739 1.593997304 0.428162419 0.744253313 -0.509571016 0.055689568
1305031114.644135952 1.301790295 0.555817696 1.590684223 0.428893221 0.744028095 -0.509293044 0.055618290
1305031114.679250956 1.298315479 0.546582518 1.592235195 0.428789111 0.745273430 -0.507382157 0.057190559
1305031114.711306095 1.290714536 0.547170935 1.590256339 0.426331146 0.745898771 -0.508188233 0.060178885
1305031114.743200064 1.288086264 0.552914255 1.586935151 0.424311818 0.745894122 -0.509710519 0.061616771
1305031114.779289007 1.290649493 0.555683830 1.588251742 0.422698229 0.746373813 -0.510463245 0.060659825
1305031114.811302900 1.295987530 0.559937454 1.588487890 0.421824915 0.746410898 -0.511311947 0.059115185
1305031114.843208075 1.296646707 0.556407459 1.588882763 0.422002665 0.746608233 -0.510927670 0.058675486
1305031114.879281044 1.297949506 0.556806031 1.587545309 0.421439044 0.746630449 -0.511409221 0.058246997
1305031114.912878990 1.297280843 0.556640193 1.584937520 0.421556094 0.746374321 -0.511647163 0.058591924
1305031114.943233967 1.299175109 0.552307145 1.581580387 0.421420202 0.746430018 -0.511800135 0.057514017
1305031114.979279995 1.299432807 0.541687842 1.579334261 0.421916037 0.746853241 -0.510935359 0.056054907
1305031115.011300087 1.301673994 0.530118740 1.576821830 0.422911728 0.747178776 -0.509831247 0.054236949
1305031115.043508053 1.303225439 0.539194555 1.574160262 0.422098713 0.750340457 -0.505537477 0.057041525
1305031115.079237938 1.299126269 0.529377288 1.573611055 0.423674755 0.750881891 -0.503423274 0.056930615
1305031115.111229897 1.299600777 0.518642994 1.571158890 0.425484760 0.750982560 -0.501940368 0.055170469
1305031115.143275023 1.298223762 0.505801186 1.574018026 0.430508361 0.751011737 -0.497748369 0.053763213
1305031115.179440022 1.301059647 0.495266808 1.581013165 0.437729120 0.750587634 -0.492342007 0.051095686
1305031115.211374044 1.294612737 0.491988388 1.581839937 0.439631217 0.750828174 -0.490084458 0.052902461
1305031115.243297100 1.286548444 0.500344869 1.578632680 0.440450693 0.750312802 -0.489811324 0.055845797
1305031115.279966116 1.287207541 0.510308139 1.574848502 0.442662216 0.748116617 -0.491121766 0.056312531
1305031115.311703920 1.281825388 0.516355143 1.568394323 0.444190267 0.746977933 -0.491135415 0.059202851
1305031115.343235016 1.274484719 0.525385201 1.566857252 0.445898800 0.746509293 -0.490059708 0.061152418
1305031115.379165888 1.274170293 0.535799623 1.559574183 0.451797526 0.745328473 -0.487091591 0.055733690
1305031115.411237001 1.268813177 0.532783988 1.557464213 0.454350717 0.746245723 -0.482743325 0.060345917
1305031115.443159103 1.263911268 0.536629788 1.552630516 0.456859532 0.745363773 -0.480866195 0.066932184
1305031115.479240894 1.256577946 0.537449642 1.546713214 0.458848760 0.744464597 -0.479784402 0.070973282
1305031115.511253119 1.250872490 0.537269056 1.542069708 0.461685930 0.743681319 -0.477626590 0.075213289
1305031115.543603897 1.244672299 0.536471098 1.542068690 0.466183759 0.742943569 -0.474133939 0.076841166
1305031115.579314947 1.231391489 0.557564014 1.527813937 0.471032227 0.742956656 -0.470239399 0.070844587
1305031115.611423969 1.233909743 0.557253438 1.531948985 0.475200361 0.742731482 -0.466908784 0.067310846
1305031115.643254042 1.234248067 0.562285795 1.532077010 0.477876301 0.741641884 -0.465989227 0.066750260
1305031115.679240942 1.239820225 0.565367953 1.533779873 0.482108139 0.739565507 -0.465290894 0.064179337
1305031115.711319923 1.241688739 0.573562103 1.528799946 0.486865856 0.734613774 -0.467756610 0.067141602
1305031115.743249893 1.245007256 0.579790827 1.523176373 0.490328298 0.731175464 -0.469380545 0.068135936
1305031115.779424906 1.246630738 0.583480923 1.522917350 0.491891339 0.730748035 -0.468727382 0.065915559
1305031115.811276913 1.247866588 0.590471793 1.519881857 0.492665816 0.729902610 -0.469351237 0.065053747
1305031115.843224049 1.251228478 0.591957376 1.517557260 0.495761634 0.728550244 -0.468448317 0.063175299
1305031115.879198074 1.251935512 0.589742794 1.520311752 0.502171833 0.727164950 -0.463897567 0.062077640
1305031115.911118031 1.247749626 0.597882785 1.516962386 0.503738715 0.725398369 -0.464585127 0.064847308
1305031115.943310976 1.247474799 0.604763718 1.510193862 0.503526813 0.724166981 -0.466664043 0.065326888
1305031115.980740070 1.249123101 0.603935176 1.506154430 0.506785608 0.722441908 -0.465996184 0.063981193
1305031116.011379004 1.249046166 0.604473476 1.500254135 0.507305372 0.722077812 -0.466177493 0.062637356
1305031116.043164015 1.251311029 0.605149994 1.493177082 0.506294479 0.723032147 -0.466263069 0.059069166
1305031116.080029964 1.255346978 0.602898342 1.489526727 0.506415494 0.724644082 -0.464187102 0.054448479
1305031116.111299992 1.256067465 0.600365912 1.487058149 0.508535499 0.725909235 -0.460015256 0.053229622
1305031116.143440962 1.258793463 0.594918009 1.485059282 0.509163718 0.727978519 -0.456465789 0.049381863
1305031116.179572105 1.260010081 0.591339727 1.483910493 0.511807946 0.727952751 -0.453733627 0.047573249
1305031116.211298943 1.260926691 0.588949671 1.480791963 0.513927598 0.727132023 -0.452761221 0.046526576
1305031116.243319988 1.260208291 0.587838731 1.478246838 0.516852405 0.726222759 -0.450836097 0.047020304
1305031116.279385090 1.260937541 0.586138678 1.478217279 0.518653250 0.725852661 -0.449503749 0.045640988
1305031116.311336040 1.263244543 0.583968179 1.478698700 0.522232233 0.724962065 -0.447034581 0.043169240
1305031116.343291998 1.263672748 0.583790639 1.478053431 0.524135219 0.724420172 -0.445729536 0.042695056
1305031116.379384041 1.264153686 0.586826158 1.478955554 0.524674508 0.723884499 -0.445990867 0.042426856
1305031116.411333084 1.264405081 0.588289930 1.481818202 0.525475146 0.722921169 -0.446711308 0.041350482
1305031116.443368912 1.263981324 0.590895251 1.480308553 0.526577398 0.721651268 -0.447326794 0.042830243
1305031116.479850054 1.262279328 0.592302161 1.479772035 0.528110238 0.721052236 -0.446237488 0.045336016
1305031116.511204958 1.263320661 0.593402346 1.482406985 0.528742869 0.720692550 -0.446099156 0.045041876
1305031116.543262005 1.265015230 0.593619737 1.485505233 0.528131942 0.721201801 -0.446157218 0.043455164
1305031116.579313040 1.266914194 0.593090372 1.488237212 0.528053168 0.721436281 -0.445970217 0.042427709
1305031116.611260891 1.268070611 0.593154690 1.490070812 0.526822168 0.722422741 -0.445865116 0.042048597
1305031116.643354893 1.268424516 0.591574809 1.494573438 0.524644983 0.724527613 -0.445106829 0.041076643
1305031116.679280996 1.268179981 0.590395353 1.497859401 0.523171648 0.725525516 -0.445211906 0.041115820
1305031116.711633921 1.268481873 0.590428948 1.501783677 0.519569278 0.728147782 -0.445139972 0.041218667
1305031116.743290901 1.267867241 0.590088483 1.505347539 0.515504248 0.731377250 -0.444639523 0.040476936
1305031116.779298067 1.267169470 0.590706462 1.507725973 0.510446237 0.735102661 -0.444354642 0.040220258
1305031116.811317921 1.266004421 0.589722768 1.512443977 0.504912163 0.739800281 -0.442905365 0.039926067
1305031116.846088886 1.266932907 0.589957447 1.516333075 0.500167297 0.742771653 -0.443354782 0.039490294
1305031116.880165100 1.265208518 0.593533880 1.515790155 0.495063192 0.744290778 -0.446262042 0.042354032
1305031116.912044048 1.262088240 0.596511818 1.514867845 0.489293642 0.746596506 -0.448436536 0.045717204
1305031116.943295956 1.259619200 0.603049450 1.510584468 0.483275808 0.747709921 -0.452655774 0.049770651
1305031116.979351044 1.256141600 0.603553767 1.509599073 0.478281721 0.749239915 -0.455070667 0.052885095
1305031117.011382103 1.254141351 0.605383346 1.505781648 0.465920554 0.753103723 -0.461367902 0.053781771
1305031117.043261051 1.251109689 0.609964825 1.499118937 0.455262560 0.755235759 -0.468078242 0.057076347
1305031117.079519987 1.251300549 0.607212266 1.497937536 0.452040138 0.756116135 -0.469523896 0.059122032
1305031117.111238003 1.247387077 0.604015847 1.497074467 0.449939808 0.756907077 -0.469847763 0.062361247
1305031117.143218040 1.247387077 0.604015847 1.497074467 0.449939808 0.756907077 -0.469847763 0.062361247
1305031117.179264069 1.240822875 0.605722915 1.492686581 0.446547558 0.757622141 -0.471172937 0.067823542
1305031117.211360931 1.240822875 0.605722915 1.492686581 0.446547558 0.757622141 -0.471172937 0.067823542
1305031117.243277073 1.239056378 0.604832458 1.487553852 0.444122019 0.757682705 -0.473025281 0.070140098
1305031117.279299021 1.236119732 0.600852065 1.488821865 0.441583886 0.761133308 -0.469792178 0.070534165
1305031117.311199903 1.231516569 0.595806822 1.494084860 0.439039471 0.765653293 -0.464873486 0.070085800
1305031117.343242884 1.226420306 0.590296101 1.499969662 0.439149926 0.767864414 -0.460983764 0.070891142
1305031117.379453897 1.223846908 0.590210286 1.501479639 0.438960032 0.768231589 -0.460359094 0.072137513
1305031117.411221027 1.226279899 0.591833968 1.503126330 0.439302793 0.767708529 -0.461022503 0.071378723
1305031117.443274021 1.230517814 0.594486297 1.502742514 0.440872339 0.765056456 -0.463997211 0.070899840
1305031117.479403019 1.227682324 0.601792884 1.502663226 0.439414311 0.764344362 -0.466297109 0.072524245
1305031117.511324883 1.224051282 0.606683668 1.505223315 0.439357700 0.763418273 -0.467493079 0.074883732
1305031117.544285059 1.222109734 0.613230826 1.505042282 0.440044353 0.760561119 -0.471328391 0.075876865
1305031117.579154968 1.225232053 0.615145832 1.507099127 0.441123680 0.758157594 -0.474543781 0.073587785
1305031117.611159086 1.224730809 0.620804112 1.507940092 0.439776855 0.757612729 -0.476553630 0.074269159
1305031117.643251896 1.222436056 0.624604074 1.510044440 0.439460782 0.757113795 -0.477454783 0.075431107
1305031117.679261923 1.220799615 0.627661978 1.510663145 0.439993308 0.755396604 -0.479530510 0.076369824
1305031117.711184025 1.214602800 0.631489048 1.513090126 0.439427932 0.755622119 -0.479216462 0.079308818
1305031117.743184090 1.209438050 0.636445208 1.514550653 0.439832321 0.754844675 -0.479494069 0.082719308
1305031117.779467106 1.202485162 0.643115740 1.515758770 0.439161825 0.754342734 -0.480229787 0.086505974
1305031117.811320066 1.199979716 0.647122900 1.516799361 0.438975539 0.753978995 -0.480634990 0.088352464
1305031117.843291044 1.191456735 0.653642073 1.518418866 0.438157767 0.753987956 -0.480678802 0.092020780
1305031117.879451036 1.193091660 0.655472429 1.521253377 0.438887679 0.753111349 -0.481662957 0.090563218
1305031117.911406994 1.192440640 0.654998173 1.525900487 0.438885908 0.753785615 -0.480846935 0.089289589
1305031117.943253040 1.189560006 0.656164745 1.529824959 0.438293603 0.754288244 -0.480677581 0.088865217
1305031117.979228020 1.191160625 0.654692043 1.531918988 0.438131832 0.754522721 -0.480860681 0.086654291
1305031118.011228085 1.186192397 0.649132790 1.537329373 0.439109874 0.755509838 -0.478248235 0.087555862
1305031118.043520927 1.183086036 0.647979400 1.541946657 0.439712997 0.755794874 -0.477111823 0.088266057
1305031118.079334021 1.179326892 0.649055912 1.543958988 0.438169396 0.756528106 -0.477474070 0.087700154
1305031118.111217022 1.177362684 0.646631056 1.548046034 0.438052530 0.757164362 -0.476811147 0.086390045
1305031118.143255949 1.175251489 0.643448972 1.554017548 0.437349088 0.758512248 -0.475828810 0.083497834
1305031118.179322958 1.173535379 0.643453186 1.557197779 0.436510552 0.759354674 -0.475621883 0.081380843
1305031118.211201906 1.170057452 0.642469877 1.565498474 0.436396874 0.760463075 -0.474246925 0.079646306
1305031118.243172884 1.166234674 0.639231987 1.570149016 0.439051514 0.758106209 -0.475619013 0.079342918
1305031118.279194117 1.160054706 0.635537848 1.575007692 0.440934794 0.755968241 -0.477159306 0.080046998
1305031118.311299086 1.151068640 0.634022405 1.579628654 0.442519489 0.753578919 -0.479348624 0.080747832
1305031118.343323946 1.145324068 0.632673769 1.582594354 0.444313967 0.750505381 -0.482536361 0.080532180
1305031118.379208088 1.145946371 0.629600715 1.582101893 0.445008374 0.748087179 -0.486187316 0.077168727
1305031118.411295891 1.141306087 0.628486623 1.584563657 0.446020701 0.746292329 -0.488053021 0.076925561
1305031118.445692062 1.137205293 0.632097697 1.582744686 0.445156356 0.745478434 -0.489846334 0.078411048
1305031118.479285002 1.134868778 0.632805703 1.581811370 0.445701561 0.744839808 -0.490161325 0.079408154
1305031118.511255026 1.132701292 0.634947524 1.582248617 0.446143536 0.744344649 -0.490298072 0.080714239
1305031118.544414043 1.132531817 0.635653926 1.578904247 0.446428653 0.743584530 -0.491092843 0.081310048
1305031118.579284906 1.136744497 0.631861788 1.577486751 0.445355242 0.744741395 -0.490746116 0.078658842
1305031118.616142035 1.140675142 0.629573366 1.574268767 0.445260020 0.744865503 -0.490917738 0.076932909
1305031118.645324945 1.148753679 0.625976781 1.572450091 0.444500032 0.745807135 -0.490862842 0.072423132
1305031118.679295063 1.159327777 0.624489688 1.568969315 0.442229265 0.747728944 -0.490659489 0.067734549
1305031118.711421013 1.167512037 0.625834309 1.567533323 0.439665084 0.750461967 -0.489190586 0.064761249
1305031118.746769905 1.168678495 0.625379812 1.567256365 0.439476982 0.750695976 -0.488964317 0.065034071
1305031118.779277086 1.173348856 0.627983417 1.562118790 0.438731332 0.749945987 -0.490758850 0.065204191
1305031118.811220884 1.173154599 0.632379925 1.557622704 0.437134762 0.752330395 -0.487956650 0.069357655
1305031118.846752882 1.174154614 0.632049049 1.557046525 0.436639815 0.752878307 -0.487492026 0.069795779
1305031118.879208088 1.183433757 0.638240321 1.551562140 0.437312649 0.751038165 -0.489945955 0.068207644
1305031118.911176920 1.196530407 0.639803022 1.545652865 0.434660110 0.752950668 -0.489959125 0.063843062
1305031118.946974039 1.204567658 0.638990752 1.543858879 0.433454066 0.753983199 -0.489841156 0.060684015
1305031118.979373932 1.212907544 0.637396596 1.540229105 0.433120033 0.754122882 -0.490272727 0.057778623
1305031119.011363029 1.223243084 0.640688143 1.536504571 0.430418167 0.756844203 -0.488773357 0.055024181
1305031119.047172070 1.230328678 0.645958207 1.535939155 0.428592158 0.759957673 -0.485489846 0.055432007
1305031119.079222918 1.230575791 0.643839190 1.535457869 0.428421971 0.760779872 -0.484227505 0.056500662
1305031119.111327887 1.233802742 0.645222910 1.533504312 0.428679804 0.760428970 -0.484404701 0.057736404
1305031119.147615910 1.237066131 0.649337857 1.528549727 0.429015339 0.759208472 -0.485757030 0.059903616
1305031119.179225922 1.237046361 0.651472397 1.525806432 0.429559376 0.758599770 -0.485828931 0.063050617
1305031119.211364031 1.235522427 0.656513534 1.522131701 0.427832022 0.758264887 -0.487532533 0.065621264
1305031119.247399092 1.240856362 0.662657443 1.516862629 0.427033555 0.757323554 -0.489694804 0.065592500
1305031119.279211998 1.244771934 0.663057474 1.514366460 0.427330817 0.756914777 -0.490062918 0.065625673
1305031119.311212063 1.247961458 0.663078428 1.511375441 0.427704435 0.756563149 -0.490274425 0.065666624
1305031119.347740889 1.248981705 0.665193124 1.508767124 0.428159611 0.756033922 -0.490431758 0.067592512
1305031119.379239082 1.250358069 0.670637403 1.503670084 0.427205094 0.755327381 -0.492164372 0.068924490
1305031119.411484003 1.253867929 0.669757393 1.499621805 0.426452893 0.755466903 -0.492736514 0.067958931
1305031119.447705984 1.257271369 0.666608119 1.495122282 0.427013687 0.755170223 -0.492829381 0.067055550
1305031119.479266882 1.257779953 0.662404657 1.494556778 0.427192254 0.755788966 -0.491867687 0.065999961
1305031119.511240005 1.262879504 0.658664267 1.491359760 0.427562696 0.755730974 -0.491877786 0.064164472
1305031119.547382116 1.262659216 0.654363511 1.489220492 0.428814644 0.755883263 -0.490370247 0.065540184
1305031119.579559088 1.265330734 0.648810544 1.485466496 0.429552140 0.756097511 -0.489443988 0.065162067
1305031119.615016937 1.269735106 0.648450417 1.482828848 0.428681894 0.759007996 -0.485696756 0.065094987
1305031119.647902966 1.269735106 0.648450417 1.482828848 0.428681894 0.759007996 -0.485696756 0.065094987
1305031119.679208040 1.273879254 0.648590356 1.477742946 0.428255828 0.761022534 -0.482768458 0.066153340
1305031119.715231895 1.274535795 0.643329838 1.475823652 0.427667807 0.764569488 -0.477553959 0.066902620
1305031119.747193098 1.273658786 0.639130049 1.474484128 0.429702377 0.766558274 -0.472067269 0.069976944
1305031119.779169083 1.276985696 0.638579307 1.467414748 0.429674389 0.766663121 -0.471780466 0.070927932
1305031119.814537048 1.278846456 0.638133361 1.459626772 0.430181399 0.766094764 -0.471900897 0.073159556
1305031119.847429037 1.281637846 0.635400277 1.454268168 0.432028721 0.765379034 -0.471161102 0.074520692
1305031119.879214048 1.283743022 0.631984206 1.451960415 0.434009613 0.765323883 -0.469402322 0.074675769
1305031119.911401033 1.286006313 0.630645620 1.449344788 0.434382839 0.765293581 -0.469185797 0.074175281
1305031119.947391987 1.291367324 0.628619201 1.443418221 0.435024438 0.765412763 -0.468483148 0.073624589
1305031119.979537010 1.292948754 0.624562100 1.441371649 0.433437624 0.767722450 -0.466296760 0.072810695
1305031120.015264034 1.293663406 0.622273675 1.435369565 0.432441745 0.768658771 -0.465755104 0.072318836
1305031120.047290087 1.293580624 0.617295138 1.432711629 0.433552595 0.770544796 -0.461316730 0.074025261
1305031120.079417944 1.288171382 0.616109077 1.432110567 0.432058266 0.772307577 -0.459406075 0.076241196
1305031120.115231991 1.287284599 0.619005945 1.427475647 0.431585521 0.771525077 -0.460878621 0.077935168
1305031120.148156881 1.286677334 0.619466661 1.424939974 0.431264530 0.771438177 -0.461170334 0.078841408
1305031120.179245949 1.282968751 0.620304030 1.427597215 0.431189380 0.771829452 -0.460340166 0.080261740
1305031120.215249062 1.282111854 0.623798987 1.432011522 0.431871184 0.771179464 -0.460772818 0.080361216
1305031120.248003006 1.281861011 0.626565947 1.438199119 0.431794962 0.770769355 -0.461662612 0.079594879
1305031120.279429913 1.279463043 0.628743820 1.444992312 0.431289597 0.771337825 -0.461235104 0.079305881
1305031120.315196037 1.276988080 0.630651114 1.451824538 0.431391058 0.771631678 -0.460713808 0.078924619
1305031120.347786903 1.271524152 0.633046444 1.459095827 0.431051529 0.772166107 -0.460031602 0.079529917
1305031120.379436970 1.265459959 0.634997203 1.465625744 0.430294612 0.772772506 -0.459536944 0.080591546
1305031120.415445089 1.258070786 0.635756107 1.475205480 0.431178132 0.772738786 -0.458597737 0.081537125
1305031120.447417021 1.256227879 0.642911545 1.476051946 0.429939606 0.769868854 -0.464788912 0.080157034
1305031120.479432106 1.258579968 0.644964849 1.478255721 0.431518628 0.767108619 -0.468122176 0.078725278
1305031120.514818907 1.251922735 0.647605734 1.482787663 0.432794458 0.764838103 -0.470423291 0.080084707
1305031120.547735929 1.252795758 0.654128766 1.483202082 0.433689695 0.761027983 -0.475836863 0.079554613
1305031120.579550982 1.251219308 0.660171187 1.481512595 0.433623313 0.757387408 -0.481505660 0.080544617
1305031120.615236044 1.245674073 0.663257479 1.479897397 0.434542747 0.754074596 -0.485269352 0.084010485
1305031120.647353888 1.243464845 0.665407315 1.481091157 0.435793103 0.750667894 -0.489275469 0.084803306
1305031120.679317951 1.246784088 0.665739688 1.479304000 0.436930417 0.747062573 -0.494092902 0.082834338
1305031120.714521885 1.242982550 0.672863445 1.480928968 0.435601282 0.746910440 -0.495221675 0.084450045
1305031120.747369051 1.244382636 0.676996763 1.482597941 0.436315723 0.745667277 -0.496387669 0.084901025
1305031120.779894114 1.239893024 0.682569317 1.486983376 0.436005959 0.745448802 -0.496617880 0.087037742
1305031120.814944029 1.234598812 0.678927025 1.491169513 0.437496860 0.743579221 -0.498157414 0.086750390
1305031120.847920895 1.232870082 0.681610118 1.494629457 0.436601835 0.743880395 -0.498553576 0.086400971
1305031120.883435011 1.228429533 0.681967250 1.498784181 0.436258153 0.744247942 -0.498163741 0.087216466
1305031120.915443897 1.224358042 0.682551778 1.501817841 0.434759335 0.744345971 -0.499643370 0.085380907
1305031120.947488070 1.222469535 0.683233092 1.505624656 0.434158219 0.744985193 -0.499318688 0.084761724
1305031120.983366013 1.221738064 0.683730990 1.509304558 0.433533082 0.745399034 -0.499413636 0.083757781
1305031121.015018940 1.217766819 0.685002550 1.514489395 0.433114191 0.745887021 -0.498996187 0.084068152
1305031121.047497988 1.217732259 0.687006499 1.519726488 0.433042848 0.745899295 -0.499173772 0.083268715
1305031121.083098888 1.215298629 0.687174211 1.524929510 0.433046786 0.746303226 -0.498563879 0.083282854
1305031121.114696026 1.207557196 0.686573366 1.530998958 0.433879586 0.745251688 -0.499182838 0.084645853
1305031121.147330999 1.196801850 0.685756114 1.534738143 0.433926233 0.744319113 -0.500247060 0.086313156
1305031121.183270931 1.191296354 0.689171072 1.541644018 0.433821202 0.744547228 -0.499828660 0.087292048
1305031121.211420059 1.180659286 0.693347395 1.545595079 0.433173060 0.744449427 -0.500078209 0.089877335
1305031121.247194052 1.172777982 0.695479929 1.550099413 0.432901036 0.744279597 -0.500460903 0.090462475
1305031121.282876015 1.166925945 0.696811987 1.555579434 0.432709931 0.744743300 -0.499760591 0.091426943
1305031121.313568115 1.158071289 0.700165454 1.561767221 0.433491075 0.744500113 -0.498879764 0.094467192
1305031121.347517014 1.155079023 0.695643366 1.563666342 0.435210426 0.741884210 -0.501449428 0.093531683
1305031121.383225918 1.144517326 0.698776581 1.567943978 0.435636567 0.741374570 -0.501143708 0.097157154
1305031121.414318085 1.128532611 0.698400145 1.575123784 0.435756711 0.741226461 -0.500721688 0.099886004
1305031121.447319031 1.117343716 0.696178878 1.580143835 0.435331430 0.741042888 -0.501311852 0.100141955
1305031121.482964039 1.110978350 0.697932620 1.584018881 0.435501243 0.740989386 -0.501008968 0.101308489
1305031121.514106989 1.102974882 0.694171036 1.589298861 0.437155821 0.739574783 -0.501666283 0.101266324
1305031121.547270060 1.100715829 0.695379256 1.592414944 0.437100821 0.739494536 -0.501888541 0.100988099
1305031121.583204031 1.098305248 0.692675194 1.593826110 0.436998874 0.739949023 -0.501375168 0.100649727
1305031121.614700079 1.095529396 0.690946088 1.598985383 0.436665207 0.740712710 -0.500748167 0.099596446
1305031121.647182941 1.092891875 0.689163594 1.603160316 0.436686627 0.741271927 -0.500132474 0.098428799
1305031121.683199883 1.097134982 0.681779444 1.607424101 0.437282953 0.742210848 -0.499010741 0.094313078
1305031121.714519978 1.097457055 0.677103480 1.612060817 0.437843252 0.742968749 -0.497699707 0.092659194
1305031121.747144938 1.095231538 0.676467031 1.612799121 0.437745585 0.743102030 -0.497549121 0.092860371
1305031121.782835007 1.093236748 0.674448390 1.613930826 0.437768366 0.743585509 -0.496798024 0.092904094
1305031121.811539888 1.090990540 0.674103449 1.613776735 0.438141371 0.743463971 -0.496569515 0.093339056
1305031121.847335100 1.091242251 0.673459373 1.612255326 0.438754336 0.743172926 -0.496498371 0.093155792
1305031121.882060051 1.089143968 0.672830182 1.610573999 0.439592568 0.742700314 -0.496258352 0.094245779
1305031121.914931059 1.088650634 0.673903035 1.609301166 0.440631305 0.742066923 -0.495978254 0.095845224
1305031121.947288036 1.087638625 0.674787478 1.608133314 0.440510245 0.741865545 -0.496141935 0.097105188
1305031121.982925892 1.087654695 0.676026696 1.605746952 0.439846591 0.741748732 -0.496913431 0.097061001
1305031122.014256001 1.092370307 0.673565335 1.603909293 0.439680687 0.741888487 -0.497185992 0.095333392
1305031122.047306061 1.094411214 0.672383915 1.603672252 0.438675439 0.742554829 -0.497271582 0.094324757
1305031122.082958937 1.098093461 0.672969460 1.601102447 0.437596414 0.742708193 -0.498208413 0.093178839
1305031122.114671946 1.103857424 0.672856612 1.598615661 0.436921873 0.742806757 -0.498966814 0.091485066
1305031122.150724888 1.111356736 0.672016149 1.594787067 0.435631314 0.743268881 -0.499851579 0.089023185
1305031122.183042049 1.117856337 0.672057244 1.592150518 0.433737834 0.744412328 -0.500285667 0.086232409
1305031122.214958906 1.132544723 0.669852208 1.585963543 0.432588904 0.744911461 -0.501352136 0.081362095
1305031122.251318932 1.140584208 0.668813678 1.584279276 0.430313655 0.749282717 -0.496938314 0.080360945
1305031122.283560038 1.142647834 0.673667123 1.585832380 0.428035813 0.753222256 -0.492730912 0.081595489
1305031122.314289093 1.159748693 0.675792657 1.576580474 0.426381245 0.753977114 -0.493502560 0.078566971
1305031122.351326942 1.172703802 0.680971622 1.567876485 0.422549676 0.758297175 -0.490100636 0.078984376
1305031122.382630110 1.177938970 0.685532156 1.565462789 0.419921364 0.761771011 -0.486719212 0.080469762
1305031122.414997101 1.176935521 0.691568601 1.564064123 0.416994104 0.765353061 -0.482935283 0.084404509
1305031122.451256990 1.181910673 0.692207487 1.557177068 0.415838694 0.764914700 -0.484450499 0.085389674
1305031122.483360052 1.188071148 0.694305315 1.551955469 0.415787964 0.764525907 -0.484695488 0.087697155
1305031122.515096903 1.190722850 0.693597842 1.549546513 0.415715434 0.764721069 -0.484126997 0.089461811
1305031122.551490068 1.196820759 0.692728464 1.543412535 0.414455828 0.764769937 -0.485286296 0.088603164
1305031122.583208084 1.202043523 0.688235963 1.541612521 0.414236629 0.765696841 -0.484309964 0.086949536
1305031122.614979982 1.206932347 0.684937788 1.540661281 0.414196977 0.766566009 -0.483255625 0.085331231
1305031122.648787975 1.207542217 0.688649630 1.537920689 0.414374559 0.766029492 -0.483652362 0.087022607
1305031122.683402061 1.211310333 0.691189416 1.534346428 0.414222785 0.765457859 -0.484666628 0.087132140
1305031122.715208054 1.214930737 0.693619897 1.530775063 0.415134180 0.764632239 -0.485015365 0.088097944
1305031122.751297951 1.217534213 0.696021553 1.525873081 0.414970472 0.763792291 -0.486205116 0.089584758
1305031122.783422947 1.223349203 0.691251957 1.518801418 0.414153890 0.763995335 -0.486827091 0.088244354
1305031122.812555075 1.225347382 0.694357869 1.515288754 0.412546589 0.767234613 -0.482670267 0.090475267
1305031122.851418018 1.226130289 0.696934606 1.513184959 0.409917430 0.770947263 -0.478912217 0.090835604
1305031122.883754015 1.231357057 0.699251261 1.511128344 0.407901950 0.774448341 -0.475145676 0.089901905
1305031122.914571047 1.231817663 0.698710782 1.512927382 0.407888160 0.777958396 -0.469263169 0.090554190
1305031122.951340914 1.231655841 0.692096445 1.512733793 0.409481961 0.778410752 -0.466962671 0.091362402
1305031122.982815027 1.232139851 0.689517170 1.510607840 0.410711620 0.778247319 -0.465932904 0.092485692
1305031123.015450001 1.233701293 0.688042639 1.506622614 0.412683171 0.777300505 -0.465299467 0.094831069
1305031123.051826954 1.234299862 0.687458563 1.503938908 0.413696867 0.776750408 -0.465037102 0.096198749
1305031123.082974911 1.236492817 0.688568008 1.501244254 0.413946436 0.776362162 -0.465473759 0.096147393
1305031123.113873005 1.241061868 0.686763237 1.496353421 0.415630094 0.775752015 -0.464806502 0.097032738
1305031123.150821924 1.240576676 0.688193341 1.493069659 0.413792889 0.778156565 -0.462100600 0.098543596
1305031123.182154894 1.247406293 0.685933812 1.488086576 0.414709591 0.778498617 -0.460799371 0.098080573
1305031123.214704037 1.248638410 0.686087737 1.480484890 0.412000543 0.781108250 -0.458683640 0.098664949
1305031123.250617981 1.249451894 0.679475451 1.478690118 0.411985774 0.784308456 -0.453002271 0.099583686
1305031123.282346964 1.251083317 0.670834651 1.475293196 0.413484335 0.787245873 -0.446225074 0.100786026
1305031123.311326981 1.251020017 0.664274571 1.475044565 0.415624984 0.790103794 -0.438653704 0.102833825
1305031123.350481033 1.249637284 0.657893245 1.472386403 0.415870866 0.792526592 -0.433677450 0.104292346
1305031123.382255077 1.249449659 0.655815627 1.467142670 0.415318092 0.794466571 -0.430292021 0.105747465
1305031123.411362886 1.254918796 0.652646942 1.460641140 0.416759490 0.794425514 -0.429183957 0.104884516
1305031123.451255083 1.255954407 0.650225435 1.456297000 0.416327296 0.795247400 -0.428028309 0.105094826
1305031123.483593941 1.258137839 0.650187110 1.448120168 0.417383483 0.794787480 -0.427469921 0.106645940
1305031123.511359930 1.259882986 0.650571983 1.439504586 0.417145033 0.794686151 -0.427612268 0.107757556
1305031123.551512957 1.262840296 0.649339675 1.434021146 0.418726059 0.793930258 -0.427298927 0.108438279
1305031123.579582930 1.262216585 0.648591257 1.428143186 0.418606071 0.793863511 -0.427073437 0.110263149
1305031123.611335039 1.266724953 0.646786468 1.422950998 0.420294946 0.793016335 -0.427084818 0.109889985
1305031123.652410984 1.269987817 0.646838196 1.414346461 0.419732303 0.792982496 -0.427608805 0.110246382
1305031123.683753014 1.273119601 0.644866289 1.406284565 0.419115759 0.793380753 -0.427563036 0.109903648
1305031123.711323023 1.279334953 0.643283050 1.396877179 0.419682794 0.792691425 -0.428561921 0.108817908
1305031123.751723051 1.281762191 0.641894793 1.390485986 0.419678688 0.792626120 -0.428645731 0.108979222
1305031123.783858061 1.281000826 0.642126655 1.386862684 0.419458120 0.792585199 -0.428730646 0.109788982
1305031123.811608076 1.279256956 0.642724996 1.384770836 0.419281686 0.792527208 -0.428763664 0.110748417
1305031123.851444006 1.277570656 0.643129481 1.383212037 0.419379595 0.792390890 -0.428676314 0.111687289
1305031123.883785963 1.274610681 0.644616339 1.383574075 0.418749712 0.792553713 -0.428722056 0.112715083
1305031123.911242962 1.272617988 0.646954554 1.387702869 0.418276819 0.792877101 -0.428487184 0.113089073
1305031123.951442003 1.273362474 0.648533209 1.388485041 0.418412693 0.792463367 -0.429090465 0.113198950
1305031123.983414888 1.268185962 0.649815154 1.388626199 0.417895805 0.792557223 -0.428891241 0.115188747
1305031124.011301994 1.264593660 0.652772905 1.394820840 0.418261212 0.792250285 -0.428853660 0.116110215
1305031124.051505089 1.261408773 0.657742792 1.400134055 0.417717458 0.791965115 -0.429683219 0.116943206
1305031124.083837032 1.256144490 0.660761123 1.403308418 0.416605978 0.792274428 -0.429795566 0.118391138
1305031124.111330986 1.248421757 0.662821239 1.411616120 0.414571133 0.793235856 -0.429745458 0.119274863
1305031124.147445917 1.246981207 0.667065119 1.419287981 0.414994646 0.792663679 -0.430477274 0.118966606
1305031124.182693958 1.246981207 0.667065119 1.419287981 0.414994646 0.792663679 -0.430477274 0.118966606
1305031124.211395979 1.245354585 0.669080500 1.425523239 0.415531472 0.791548553 -0.432312545 0.117857317
1305031124.249326944 1.242635817 0.673629983 1.432117401 0.415449555 0.790739363 -0.433976625 0.117461551
1305031124.282545090 1.238069771 0.677682196 1.435824243 0.415346790 0.789993075 -0.434918913 0.119346235
1305031124.311361074 1.231126767 0.680776615 1.441109642 0.415083916 0.789514375 -0.435420247 0.121579617
1305031124.350353956 1.230994698 0.686476692 1.445989114 0.415211512 0.787503492 -0.438974557 0.121404232
1305031124.382420063 1.233205788 0.690162791 1.448735829 0.416442984 0.784794463 -0.443022914 0.120014952
1305031124.411438942 1.230118222 0.694872782 1.454633682 0.416481696 0.783437891 -0.445407746 0.119916670
1305031124.450244904 1.232855172 0.701392604 1.457833649 0.416636018 0.780595316 -0.450895186 0.117383611
1305031124.480098963 1.236926978 0.704107425 1.462185868 0.416669099 0.777840915 -0.456729291 0.112910266
1305031124.511323929 1.240026372 0.709811456 1.466049685 0.416587856 0.775028910 -0.462262423 0.109991810
1305031124.550436974 1.243304636 0.713539869 1.467419756 0.416732777 0.772184633 -0.467468213 0.107415808
1305031124.579404116 1.237529968 0.718403794 1.471511623 0.414488051 0.771666738 -0.470328314 0.107337681
1305031124.611357927 1.235305139 0.721840031 1.476142355 0.414623509 0.769717153 -0.473518660 0.106784499
1305031124.651271105 1.238212531 0.724512754 1.477489794 0.414906372 0.766825246 -0.478431467 0.104570912
1305031124.679362059 1.233383758 0.724623944 1.484893649 0.415239402 0.765694404 -0.480075379 0.103999754
1305031124.711251020 1.236432800 0.724739936 1.487762170 0.417258840 0.762643888 -0.483665193 0.101672722
1305031124.749890089 1.227944974 0.726783941 1.493269535 0.414987839 0.763144576 -0.485027972 0.100714029
1305031124.779365063 1.220010185 0.724265216 1.500020284 0.415849718 0.762079668 -0.485825704 0.101375431
1305031124.811359882 1.212737588 0.723969174 1.503287579 0.416310193 0.760531017 -0.487779740 0.101731616
1305031124.850534916 1.208189066 0.725795514 1.507537756 0.415883008 0.760690438 -0.487819881 0.102093806
1305031124.879354954 1.200035582 0.731338879 1.510616524 0.414734191 0.760750079 -0.488267670 0.104161177
1305031124.911448002 1.194940655 0.731474667 1.513505968 0.413589506 0.760762570 -0.489519247 0.102737231
1305031124.950730085 1.195324991 0.727411874 1.516000375 0.413705467 0.761248677 -0.489021758 0.101024548
1305031124.979438066 1.187751930 0.723241774 1.523876091 0.415044957 0.761976609 -0.486456106 0.102419666
1305031125.011454105 1.177636536 0.719166487 1.527874053 0.417889391 0.758726632 -0.488713505 0.104218356
1305031125.050762892 1.173613531 0.715989376 1.527388426 0.419440762 0.755373593 -0.492440138 0.104799298
1305031125.079364061 1.168073049 0.717053809 1.528535321 0.419083707 0.755303790 -0.492541984 0.106242299
1305031125.111363888 1.163613908 0.718482743 1.532166633 0.420411438 0.754529100 -0.492215998 0.107997555
1305031125.151012897 1.147236499 0.719041148 1.537617377 0.419437350 0.754638798 -0.492257421 0.110793614
1305031125.179352999 1.145867824 0.717872804 1.540188702 0.419300591 0.754523550 -0.492871046 0.109358853
1305031125.211319923 1.145283771 0.711955989 1.542587220 0.420817537 0.754817340 -0.491284320 0.108642076
1305031125.250632048 1.140292035 0.710638415 1.548469571 0.420411557 0.755718652 -0.490220467 0.108753556
1305031125.279467106 1.129950518 0.709310351 1.556229446 0.420093190 0.756133221 -0.489726268 0.109327244
1305031125.311492920 1.127077802 0.709328131 1.559955703 0.420170444 0.756300443 -0.489453262 0.109096022
1305031125.348880053 1.120062865 0.710445643 1.564807903 0.419861271 0.756593784 -0.489221093 0.109293556
1305031125.379400969 1.119194927 0.708625927 1.567562400 0.418560937 0.757460078 -0.489501710 0.107000224
1305031125.411334991 1.121856549 0.701174946 1.571370513 0.418943298 0.758695180 -0.488169939 0.102753334
1305031125.451195002 1.132136113 0.689949709 1.580430382 0.423930575 0.759499388 -0.483952996 0.096088737
1305031125.479424000 1.136145079 0.681992766 1.587103018 0.424743048 0.761023830 -0.481793314 0.091166195
1305031125.511316061 1.135297633 0.681123096 1.587955792 0.425125349 0.760979995 -0.481724710 0.090106542
1305031125.551019907 1.137939462 0.677302175 1.588911979 0.425714008 0.761332730 -0.481071164 0.087809981
1305031125.579308033 1.139684542 0.673269104 1.589070277 0.425530305 0.762157958 -0.480412719 0.085104801
1305031125.611532927 1.141847682 0.668673861 1.592339952 0.425631190 0.763050457 -0.479432358 0.082077435
1305031125.650574923 1.140659839 0.670185633 1.598380846 0.427287611 0.762466152 -0.478853869 0.082277801
1305031125.679327965 1.140309424 0.673385019 1.596305000 0.429610958 0.758636145 -0.482559873 0.083914205
1305031125.711442947 1.137981967 0.679479776 1.595429791 0.429270969 0.757423389 -0.484106060 0.087621728
1305031125.751260042 1.135858462 0.682926119 1.594527884 0.431182134 0.754738250 -0.486027478 0.090716220
1305031125.779347897 1.139312271 0.685375584 1.592574834 0.430747943 0.754470271 -0.486843902 0.090630213
1305031125.811573029 1.143470627 0.685626346 1.589657500 0.430293446 0.754467846 -0.487383578 0.089905879
1305031125.847412109 1.151561873 0.686121716 1.585012708 0.429898003 0.754830253 -0.487536977 0.087901600
1305031125.879317999 1.157705889 0.684240547 1.583453266 0.428948663 0.755550236 -0.487674991 0.085556932
1305031125.911304951 1.163502916 0.684835489 1.578122993 0.429776309 0.754937612 -0.487626161 0.087076137
1305031125.947343111 1.159551241 0.690271212 1.578393204 0.429041340 0.756830959 -0.484038388 0.094006738
1305031125.979324102 1.156260486 0.699505143 1.566979076 0.425588002 0.755683174 -0.487760794 0.099534928
1305031126.011332989 1.160163855 0.703230446 1.555246700 0.421686609 0.755288965 -0.491408270 0.101177545
1305031126.047323942 1.172802134 0.707440629 1.545712011 0.419468595 0.755729856 -0.492818511 0.100241692
1305031126.079355955 1.176720439 0.711745630 1.541050984 0.418354382 0.758488452 -0.489134186 0.102091266
1305031126.111370087 1.181047647 0.713750199 1.536843049 0.416819880 0.761507587 -0.485510652 0.103183284
1305031126.147432089 1.195628923 0.716163468 1.528203008 0.415885296 0.762110348 -0.485927054 0.100509386
1305031126.179383993 1.203961019 0.718831432 1.518282927 0.415232660 0.764082953 -0.482946805 0.102574176
1305031126.211318970 1.200550753 0.718725211 1.515885312 0.414032237 0.767541871 -0.477475292 0.107117361
1305031126.247298002 1.206048547 0.725544811 1.509340183 0.411811762 0.770046901 -0.475058896 0.108433796
1305031126.279362917 1.208772991 0.726202277 1.505711872 0.410178367 0.773361879 -0.470753191 0.109802296
1305031126.311331987 1.214105539 0.723525511 1.502390279 0.409066442 0.776600483 -0.466566654 0.108958216
1305031126.347362995 1.218969286 0.716280422 1.502855812 0.409085341 0.780237505 -0.460830616 0.107302204
1305031126.379422903 1.223689559 0.713881811 1.503325219 0.409052798 0.783538184 -0.455432041 0.106420763
1305031126.411464930 1.226466410 0.710503590 1.502242776 0.407539489 0.786942096 -0.450944694 0.106219517
1305031126.447360992 1.223476065 0.709667491 1.501372487 0.405064037 0.790877065 -0.445834088 0.108021107
1305031126.479532957 1.226586203 0.706962735 1.498607956 0.407514053 0.790681918 -0.443381806 0.110304011
1305031126.511409998 1.229801856 0.704934348 1.493645515 0.407793440 0.790757444 -0.442719036 0.111386852
1305031126.547374010 1.229801856 0.704934348 1.493645515 0.407793440 0.790757444 -0.442719036 0.111386852
1305031126.579453945 1.227884689 0.703118629 1.491454877 0.406642984 0.793628526 -0.438038268 0.113656155
1305031126.611527920 1.224435767 0.699797317 1.490382317 0.406550565 0.796198777 -0.432722048 0.116343352
1305031126.647376060 1.220996930 0.698587550 1.488693671 0.404967624 0.798970511 -0.428363139 0.118963723
1305031126.679478884 1.221261119 0.697750246 1.485552932 0.406770418 0.798610907 -0.426873787 0.120570376
1305031126.711582899 1.222813446 0.697606089 1.481601018 0.408000740 0.798246740 -0.426041471 0.121762895
1305031126.747315884 1.223304204 0.696176185 1.480327564 0.409250327 0.798208238 -0.424778837 0.122232235
1305031126.779378891 1.222353002 0.699699502 1.477668739 0.409424683 0.797655308 -0.425263537 0.123565218
1305031126.811602116 1.222708183 0.700629367 1.475989940 0.409954308 0.797469696 -0.425080844 0.123635860
1305031126.847342968 1.224365336 0.699181133 1.476481168 0.411198002 0.797777417 -0.423594075 0.122619150
1305031126.879357100 1.225590366 0.698638575 1.475926814 0.412290915 0.797597034 -0.423004729 0.122156341
1305031126.911364079 1.226589287 0.697832895 1.476559342 0.413148847 0.797644659 -0.422267457 0.121495769
1305031126.947437048 1.227891719 0.698351291 1.475781710 0.414177466 0.797166589 -0.422216448 0.121308396
1305031126.979336977 1.227756049 0.699076566 1.475653317 0.414196117 0.797122158 -0.422115749 0.121885749
1305031127.011370897 1.226176052 0.700198042 1.476641315 0.413486592 0.797270300 -0.422393758 0.122361841
1305031127.047297001 1.226123447 0.702364476 1.476547449 0.413664855 0.796662752 -0.423191314 0.122959176
1305031127.079298973 1.226168317 0.702636964 1.476406835 0.413283885 0.796737114 -0.423439190 0.122905064
1305031127.111434937 1.225021124 0.703128315 1.477589714 0.413353034 0.796574995 -0.423309650 0.124163147
1305031127.147306919 1.222296763 0.706065826 1.477590905 0.412266104 0.796276073 -0.424405483 0.125940704
1305031127.179348946 1.220516204 0.709275688 1.478351603 0.411384569 0.795808893 -0.425747659 0.127239434
1305031127.211699963 1.220469813 0.710105906 1.479154908 0.411272342 0.795432839 -0.426466056 0.127547493
1305031127.247374058 1.219305469 0.711007701 1.482116333 0.411456687 0.795583926 -0.425905335 0.127883762
1305031127.279464960 1.216775126 0.712418707 1.483969101 0.410565959 0.795724753 -0.426328988 0.128457409
1305031127.311362028 1.215533164 0.712242390 1.484925186 0.410050612 0.795908635 -0.426428525 0.128633795
1305031127.347356081 1.215479395 0.712816846 1.486504587 0.410192857 0.795592241 -0.426876611 0.128651327
1305031127.379261971 1.214109439 0.715248458 1.487178085 0.409134011 0.795143823 -0.428626672 0.128976114
1305031127.411370993 1.211806925 0.716497029 1.486457021 0.408334276 0.795060529 -0.429277101 0.129857786
1305031127.447333097 1.212366844 0.715921282 1.488797743 0.408061239 0.795318980 -0.429180547 0.129451937
1305031127.479362011 1.213843810 0.719285314 1.486713127 0.407963786 0.793988742 -0.431703404 0.129536086
1305031127.511356115 1.214350013 0.718405175 1.486833917 0.407365451 0.794299784 -0.431851651 0.129017029
1305031127.547348022 1.212528608 0.717047846 1.487734882 0.407070459 0.794683027 -0.431211239 0.129728160
1305031127.579344988 1.212452183 0.719374910 1.487400627 0.406463490 0.794347125 -0.432274849 0.130148113
1305031127.611270905 1.211283492 0.720066278 1.485981974 0.405801781 0.794233976 -0.432929560 0.130726053
1305031127.647357941 1.208826434 0.718726298 1.486392632 0.405745796 0.794533092 -0.432126683 0.131734748
1305031127.679297924 1.209171327 0.720464536 1.486368006 0.405587805 0.794180657 -0.432926489 0.131720428
1305031127.711374998 1.210020289 0.722424877 1.485708621 0.404632375 0.794033488 -0.434193248 0.131376119
1305031127.747303963 1.210167985 0.721133305 1.486510071 0.404848248 0.794281765 -0.433564326 0.131287275
1305031127.779345989 1.210446376 0.721171726 1.487658985 0.405197552 0.794071661 -0.433594478 0.131381006
1305031127.811829090 1.212849758 0.723647177 1.487486314 0.405066860 0.793424708 -0.435144242 0.130566307
1305031127.847366095 1.216036368 0.722467959 1.488148568 0.405781609 0.793142395 -0.435357225 0.129346486
1305031127.879379988 1.217222032 0.721127382 1.489468700 0.406365366 0.793234591 -0.434774150 0.128908923
1305031127.911475897 1.217644576 0.721347071 1.489824636 0.406142814 0.793185614 -0.435086078 0.128859228
1305031127.947365999 1.214287874 0.723880364 1.486760230 0.404656272 0.793189441 -0.435910934 0.130711395
1305031127.979371071 1.212387613 0.722966017 1.485846240 0.404022649 0.793676834 -0.435377330 0.131489023
1305031128.011426926 1.212251573 0.720786569 1.485355565 0.404829790 0.793702711 -0.434393630 0.132102315
1305031128.047369003 1.212118919 0.717723898 1.484788047 0.405344266 0.794102353 -0.433200109 0.132042207
1305031128.079334021 1.208748089 0.717324043 1.484598654 0.404853561 0.794613752 -0.432365824 0.133200500
1305031128.111391068 1.209526922 0.717412127 1.484301743 0.404760914 0.794292321 -0.433073100 0.133101473
1305031128.147418022 1.205553209 0.718157529 1.483344019 0.404098184 0.794477609 -0.432748101 0.135052093
1305031128.179349899 1.203197840 0.718843027 1.482832892 0.404519470 0.794151585 -0.432513761 0.136451842
1305031128.211447001 1.202851812 0.720613325 1.483449827 0.404649738 0.793655084 -0.433248109 0.136624569
1305031128.247479916 1.201773129 0.721830860 1.482866985 0.404042109 0.793732190 -0.433522752 0.137102912
1305031128.279335976 1.199968180 0.721249649 1.482967679 0.404106471 0.793845719 -0.432940301 0.138092831
1305031128.311482906 1.197730378 0.724363868 1.481441572 0.402242766 0.793958747 -0.434163078 0.139042035
1305031128.347423077 1.199456907 0.723677526 1.482652232 0.402549184 0.794085115 -0.433989719 0.137970681
1305031128.379404068 1.197535560 0.722241062 1.483607389 0.401821406 0.794765553 -0.433275721 0.138417572
1305031128.411336899 1.199079843 0.721993636 1.485865959 0.402342213 0.794905202 -0.432758530 0.137718983
1305031128.447295904 1.198334392 0.722831958 1.486425894 0.401838234 0.795213196 -0.432641583 0.137779777
1305031128.479295969 1.197602123 0.721426017 1.487974925 0.401743488 0.795615835 -0.431959688 0.137871105
1305031128.511432886 1.197591696 0.721518034 1.488690981 0.401682921 0.795708971 -0.431805595 0.137992732
1305031128.547399044 1.197442736 0.721702688 1.488689306 0.401692824 0.795747310 -0.431727731 0.137986451
1305031128.579454899 1.196957115 0.721413236 1.490298049 0.401630691 0.796181814 -0.431044991 0.137795220
1305031128.611394882 1.193942124 0.723949164 1.490242216 0.400456832 0.796248063 -0.431581918 0.139141637
1305031128.647351980 1.195303612 0.726184681 1.489587896 0.400421858 0.795709159 -0.432688030 0.138889662
1305031128.679281950 1.195249608 0.728850541 1.487971792 0.399177974 0.795471436 -0.434184158 0.139162697
1305031128.711457014 1.195135910 0.730614087 1.488551102 0.398644393 0.795530308 -0.434507372 0.139346768
1305031128.747363091 1.193814490 0.731902586 1.488865633 0.397533056 0.795895185 -0.434787153 0.139565238
