1305031102.175303936 0.000000000 0.000000000 0.000000000 0.000000000 0.000000000 0.000000000 1.000000000
1305031102.211214066 0.008551419 0.006736793 0.025184949 -0.003373401 -0.006955412 -0.004908200 0.999958075
1305031102.275326014 0.010935228 0.004809021 0.037245958 -0.010008379 -0.008837037 -0.005633420 0.999894996
1305031102.311266899 0.014209111 0.000703579 0.047285064 -0.016526057 -0.010978000 -0.005386349 0.999788658
1305031102.343233109 0.015111301 -0.005340630 0.056175238 -0.023545970 -0.012029464 -0.005522562 0.999635124
1305031102.375329018 0.014554830 -0.000787652 0.068401199 -0.023028245 -0.012592929 -0.004773217 0.999644104
1305031102.411257982 0.016207333 0.004771994 0.080100924 -0.022460693 -0.013755428 -0.003888377 0.999645530
1305031102.443270922 0.014267436 0.009916281 0.092662773 -0.021382792 -0.013924555 -0.004711362 0.999663286
1305031102.475317955 0.018646474 0.009915270 0.101968086 -0.027254374 -0.016302695 -0.005381483 0.999481096
1305031102.511219025 0.020827981 0.011791653 0.128229314 -0.039318158 -0.018257778 -0.006951277 0.999035743
1305031102.575285912 0.014863110 0.012344285 0.136883889 -0.043708408 -0.015668279 -0.010263379 0.998868732
1305031102.611232996 0.002588760 0.012062991 0.159567202 -0.042873288 -0.009421247 -0.009263942 0.998993143
1305031102.675285101 0.001609719 0.021740991 0.165521515 -0.039207563 -0.008587943 -0.009929097 0.999144848
1305031102.711262941 0.002078123 0.025739881 0.178459001 -0.039104487 -0.009221117 -0.008421930 0.999157085
1305031102.743233919 0.000395741 0.027325094 0.190572467 -0.039363747 -0.009022697 -0.007262945 0.999157813
1305031102.775471926 -0.001087282 0.033299577 0.202872120 -0.038674657 -0.008911200 -0.006201486 0.999192876
1305031102.811232090 -0.003659504 0.037504733 0.210572727 -0.040809663 -0.007678577 -0.009030663 0.999096621
1305031102.843290091 -0.004306501 0.040307635 0.218930306 -0.042964468 -0.006525621 -0.012350848 0.998978942
1305031102.875363111 -0.007792134 0.040508468 0.227107513 -0.045973430 -0.004647994 -0.014579002 0.998825457
1305031102.911185026 -0.010388884 0.046585137 0.245565836 -0.046287200 -0.002365616 -0.018232326 0.998758971
1305031102.975203037 -0.015701102 0.047474721 0.256097242 -0.046936718 -0.000450673 -0.018406503 0.998728162
1305031103.011214972 -0.014433821 0.047747179 0.266626473 -0.047884001 -0.002815950 -0.017206656 0.998700718
1305031103.043226957 -0.012977871 0.048601880 0.276837823 -0.049803547 -0.005514058 -0.012102109 0.998670487
1305031103.075319052 -0.010057128 0.049733396 0.286638277 -0.051531381 -0.008669598 -0.008386786 0.998598526
1305031103.111239910 -0.007522678 0.050545834 0.295284472 -0.051907403 -0.010798283 -0.006489758 0.998572432
1305031103.143317938 -0.006606352 0.056992473 0.302233159 -0.049825605 -0.011216897 -0.006320364 0.998674944
1305031103.175451994 -0.011966638 0.056654996 0.312128650 -0.051686688 -0.008562870 -0.003899645 0.998619025
1305031103.243216038 -0.013266203 0.064408837 0.330833145 -0.056311606 -0.007969384 -0.001463310 0.998380364
1305031103.275369883 -0.013144150 0.062640313 0.339537188 -0.063713562 -0.008049922 0.000077155 0.997935757
1305031103.311209917 -0.011325256 0.057338311 0.347831351 -0.073846487 -0.009820209 0.001855449 0.997219543
1305031103.343223095 -0.005735904 0.050333715 0.352385437 -0.082023897 -0.015537617 0.002621933 0.996505789
1305031103.375327110 -0.004047342 0.050405317 0.354598245 -0.082851645 -0.017177221 0.003697782 0.996406982
1305031103.411259890 -0.006209783 0.049004709 0.356292978 -0.084967283 -0.015461297 0.005188215 0.996250266
1305031103.443279982 -0.005583337 0.043110489 0.356552859 -0.088373824 -0.015727722 0.006196685 0.995943928
1305031103.475274086 -0.004727867 0.040512152 0.353445046 -0.089235529 -0.017005345 0.007905915 0.995833990
1305031103.511332989 -0.003206093 0.036358597 0.349911882 -0.090001839 -0.019157318 0.007667561 0.995727812
1305031103.543443918 -0.002835187 0.033725465 0.343964714 -0.088087586 -0.019543296 0.007000222 0.995896397
1305031103.575474024 -0.002115233 0.031659934 0.335918591 -0.084252175 -0.020096233 0.006537035 0.996220347
1305031103.611222982 -0.002115233 0.031659934 0.335918591 -0.084252175 -0.020096233 0.006537035 0.996220347
1305031103.643445015 -0.000604792 0.029724457 0.325568587 -0.081657001 -0.021860746 0.008573542 0.996383830
1305031103.675523043 0.003419218 0.027881627 0.315207363 -0.078595199 -0.025532378 0.010759531 0.996521512
1305031103.711610079 0.006110145 0.027994118 0.304664372 -0.074468172 -0.027811638 0.012104368 0.996762002
1305031103.743325949 0.007409812 0.023183807 0.294384479 -0.072561327 -0.028388916 0.013278428 0.996871409
1305031103.775341988 0.008411386 0.017229679 0.283307274 -0.071197626 -0.028685333 0.013176447 0.996962603
1305031103.811242104 0.005368602 0.018546113 0.270646683 -0.066697059 -0.027530450 0.011663875 0.997325188
1305031103.843250990 0.003989592 0.018601347 0.258021132 -0.065813455 -0.026398127 0.009141471 0.997440806
1305031103.875360966 0.001440356 0.010338846 0.251973416 -0.069563438 -0.025632822 0.008409397 0.997212700
1305031103.911221027 0.005502902 -0.005809622 0.247897429 -0.077422142 -0.028354928 0.010095297 0.996543975
1305031103.943211079 0.011635396 -0.011900995 0.234363106 -0.077717240 -0.032614269 0.009173509 0.996399612
1305031103.975373030 0.014064358 -0.017171390 0.221165963 -0.075500089 -0.033906052 0.007163142 0.996543429
1305031104.011231899 0.014045820 -0.023095796 0.209255415 -0.073434763 -0.034366392 0.006546869 0.996686222
1305031104.043248892 0.011215544 -0.026473867 0.195298581 -0.069570639 -0.033061892 0.008297910 0.996994475
1305031104.075424910 0.004424141 -0.024508907 0.177797088 -0.061647788 -0.028888482 0.006335170 0.997659697
1305031104.111234903 0.001258574 -0.030834065 0.164625768 -0.059341153 -0.026308679 0.003600091 0.997884523
1305031104.143229961 -0.003173122 -0.035943284 0.148830568 -0.058226228 -0.022411328 0.001901523 0.998050010
1305031104.175424099 -0.011080580 -0.045021893 0.137180607 -0.055458098 -0.018193156 0.000747295 0.998294971
1305031104.211282969 -0.016756968 -0.049780831 0.127914267 -0.051887191 -0.015679170 0.001134514 0.998529216
1305031104.243196011 -0.021495557 -0.054603791 0.117599359 -0.048312469 -0.013269946 0.002709852 0.998740442
1305031104.275546074 -0.025758916 -0.056938456 0.107059078 -0.044314426 -0.011522631 0.004775001 0.998939768
1305031104.311218977 -0.029430085 -0.065462486 0.097309625 -0.042819420 -0.009669329 0.005403950 0.999021421
1305031104.343342066 -0.031187302 -0.072618387 0.089560543 -0.041611729 -0.008059019 0.007110209 0.999076054
1305031104.375837088 -0.034532623 -0.075479208 0.077401052 -0.040850122 -0.005525827 0.006957016 0.999125784
1305031104.411509037 -0.037829864 -0.078180035 0.066044519 -0.041130258 -0.003193799 0.007803848 0.999118212
1305031104.443288088 -0.043517335 -0.077641559 0.054164006 -0.040182040 -0.000043676 0.007645727 0.999163122
1305031104.475455999 -0.044379372 -0.078473087 0.044600753 -0.040084771 0.000690975 0.007619657 0.999166990
1305031104.511328936 -0.043593909 -0.081188945 0.035588609 -0.040789926 0.000142804 0.008227722 0.999133858
1305031104.543368101 -0.038487738 -0.088506829 0.024073272 -0.042577678 -0.001851500 0.009528244 0.999046008
1305031104.575342894 -0.038613473 -0.094592921 0.017531483 -0.040959579 -0.002500523 0.011583430 0.999090529
1305031104.611335993 -0.040158734 -0.106232137 0.010018077 -0.039915527 -0.001966215 0.012330405 0.999125040
1305031104.643243074 -0.045637117 -0.118617666 -0.004770200 -0.035109501 0.001382322 0.013198258 0.999295361
1305031104.675524950 -0.059562634 -0.140254032 -0.015038409 -0.029852203 0.010149495 0.015411200 0.999383975
1305031104.711277008 -0.070703673 -0.163345954 -0.027326294 -0.025310720 0.018935907 0.017167932 0.999352821
1305031104.743279934 -0.084908709 -0.195850203 -0.038681044 -0.021869734 0.028242711 0.019799992 0.999165664
1305031104.775326967 -0.098241209 -0.225741550 -0.048982489 -0.018292226 0.036919580 0.022184860 0.998904485
1305031104.811465025 -0.105032366 -0.253937754 -0.055584847 -0.014663603 0.044587845 0.024627570 0.998594205
1305031104.843257904 -0.113744395 -0.276569471 -0.064804325 -0.011362032 0.052326071 0.027391322 0.998189662
1305031104.875349998 -0.121815326 -0.311675313 -0.068953039 -0.015028580 0.057176901 0.027597877 0.997869381
1305031104.911534071 -0.124834507 -0.324951423 -0.067877027 -0.015875227 0.058413315 0.028115016 0.997770218
1305031104.943262100 -0.124325311 -0.328209248 -0.069729269 -0.016143595 0.058444243 0.028599759 0.997750324
1305031104.975202084 -0.121491068 -0.327743635 -0.068893998 -0.015968567 0.058039321 0.029008160 0.997764987
1305031105.011290073 -0.122373010 -0.319129573 -0.064773223 -0.014656334 0.058180788 0.029027917 0.997776311
1305031105.043373108 -0.122668057 -0.297140153 -0.063686439 -0.012115620 0.058042654 0.029364486 0.997808593
1305031105.075320005 -0.120876662 -0.265947651 -0.059773912 -0.008390200 0.057448227 0.029371319 0.997881071
1305031105.111299038 -0.119929863 -0.229480593 -0.053857867 -0.003858827 0.056901769 0.029345463 0.997940951
1305031105.143105984 -0.119403942 -0.201891270 -0.048215007 -0.000637203 0.056487066 0.029295210 0.997973244
1305031105.175158978 -0.118244958 -0.162968882 -0.036371073 0.004564203 0.055519268 0.029630210 0.998007430
1305031105.211267948 -0.117165045 -0.131725022 -0.021755149 0.000767344 0.054112994 0.028104292 0.998138940
1305031105.243269920 -0.115454805 -0.110425340 -0.011649387 -0.004903542 0.052269473 0.028101703 0.998225501
1305031105.275288105 -0.103536389 -0.103417472 0.007000518 -0.010826455 0.044605510 0.026323167 0.998599132
1305031105.311290026 -0.087915293 -0.090823916 0.023327526 -0.017615781 0.035810873 0.024625255 0.998899826
1305031105.343302011 -0.074854545 -0.087770511 0.042609095 -0.025985077 0.026404293 0.025282198 0.998993693
1305031105.375338078 -0.061571602 -0.087343882 0.058716691 -0.033020963 0.017970483 0.022659141 0.999036156
1305031105.411286116 -0.055462802 -0.089486505 0.069227266 -0.038813301 0.014590542 0.024066899 0.998850053
1305031105.443315983 -0.046305155 -0.071551469 0.082318403 -0.037682912 0.009062716 0.021294024 0.999021736
1305031105.475280046 -0.043035252 -0.075631473 0.094584247 -0.045720382 0.006498878 0.020198833 0.998728901
1305031105.511332035 -0.036325065 -0.078802535 0.104933628 -0.052340797 0.002884434 0.021005346 0.998404175
1305031105.543282032 -0.036346386 -0.071570328 0.113849960 -0.054872148 0.002216943 0.018100613 0.998326850
1305031105.575448990 -0.036584611 -0.060345987 0.121982214 -0.055077167 0.002116451 0.016347742 0.998346021
1305031105.611377954 -0.036180019 -0.050209756 0.129666053 -0.054753705 0.001653600 0.014658499 0.998390918
1305031105.643273115 -0.033745844 -0.035687241 0.153026876 -0.054497286 0.000439081 0.014771320 0.998404558
1305031105.711308956 -0.033359361 -0.030039645 0.166343160 -0.054302906 -0.000032667 0.015571137 0.998403091
1305031105.743311882 -0.035993923 -0.026284801 0.179018203 -0.052828789 0.001913252 0.014705249 0.998493472
1305031105.775338888 -0.040840790 -0.020717096 0.190147190 -0.050962182 0.004858507 0.014152170 0.998588487
1305031105.811283112 -0.045822619 -0.016283763 0.203904923 -0.050105649 0.008306320 0.012505805 0.998631080
1305031105.843271017 -0.052881450 -0.012250548 0.215164012 -0.048528578 0.012460791 0.012315093 0.998668135
1305031105.875336885 -0.053877860 -0.010558485 0.227534546 -0.048104868 0.013770227 0.012549949 0.998668514
1305031105.911262035 -0.059172738 -0.004437974 0.240950978 -0.046234918 0.017744188 0.011729650 0.998704106
1305031105.943272114 -0.060602502 0.005625251 0.249263718 -0.046182682 0.019525935 0.011243768 0.998678865
1305031105.975328922 -0.062552677 0.014469703 0.257891263 -0.046094000 0.021289529 0.008236633 0.998676252
1305031106.011285067 -0.060875677 0.013902042 0.268655151 -0.051689376 0.021006828 0.006594659 0.998420469
1305031106.043354988 -0.061098724 0.019457400 0.277765655 -0.054966156 0.021728458 0.005999394 0.998233742
1305031106.075330019 -0.060393895 0.018044342 0.288313555 -0.061755872 0.022079630 0.006387896 0.997826587
1305031106.111326933 -0.060677516 0.017527384 0.298577966 -0.067050800 0.022384286 0.005530326 0.997483107
1305031106.143354893 -0.061700879 0.018558529 0.311312895 -0.071929427 0.022720859 0.005501255 0.997135726
1305031106.175534010 -0.062252365 0.014261254 0.322574903 -0.080661017 0.022640483 0.007588527 0.996455530
1305031106.211275101 -0.060839005 0.014119017 0.331278846 -0.085672794 0.021372392 0.007862082 0.996063041
1305031106.243267059 -0.058901138 0.012484290 0.338234018 -0.090538404 0.019962359 0.007871244 0.995661762
1305031106.276385069 -0.057307555 0.015021571 0.344394015 -0.091082204 0.018893176 0.010468132 0.995609109
1305031106.311238050 -0.056580508 0.017977532 0.351492023 -0.092057625 0.018129624 0.011691682 0.995519972
1305031106.343257904 -0.053776470 0.019360549 0.356997175 -0.095603150 0.016294817 0.012891225 0.995202659
1305031106.375387907 -0.052695654 0.019989432 0.362351628 -0.100633517 0.015373711 0.013048266 0.994719200
1305031106.411319971 -0.055722546 0.014128074 0.368198417 -0.110896389 0.017183822 0.009058422 0.993642115
1305031106.443278074 -0.060443122 0.008102290 0.370548847 -0.117207490 0.021072069 0.004471590 0.992873797
1305031106.475344896 -0.065587431 0.003507563 0.370143525 -0.119146548 0.024906894 0.002509255 0.992561056
1305031106.511128902 -0.065868671 0.000203344 0.367329580 -0.119462135 0.024148305 0.001245008 0.992544260
1305031106.543302059 -0.063631012 -0.003416989 0.362175330 -0.118880561 0.021647029 0.001528040 0.992671387
1305031106.575282097 -0.059963996 -0.001839567 0.351510261 -0.114379994 0.018358232 0.000341996 0.993267374
1305031106.611150980 -0.060389084 -0.003503328 0.343153114 -0.111120828 0.017797282 -0.000054046 0.993647531
1305031106.643207073 -0.058428669 -0.007117523 0.335033565 -0.111246602 0.015538547 -0.000997568 0.993670847
1305031106.675278902 -0.057803091 -0.012800322 0.325490381 -0.111363832 0.014307292 -0.002610169 0.993673279
1305031106.711508036 -0.054904764 -0.015548292 0.314827750 -0.108708715 0.011610555 -0.002994180 0.994001331
1305031106.743340969 -0.052449033 -0.020459691 0.305276808 -0.109662062 0.008636691 -0.001191818 0.993930691
1305031106.775389910 -0.044857991 -0.022432426 0.293343539 -0.107488843 0.002729698 0.000099478 0.994202538
1305031106.811289072 -0.039729534 -0.025228076 0.281659181 -0.105051626 -0.001201993 0.001497868 0.994464915
1305031106.843415976 -0.039729534 -0.025228076 0.281659181 -0.105051626 -0.001201993 0.001497868 0.994464915
1305031106.875905037 -0.038326411 -0.033400296 0.269520536 -0.105542221 -0.003266382 0.003152272 0.994404462
1305031106.911242962 -0.036552720 -0.034717869 0.250380287 -0.100059396 -0.005448674 -0.000774253 0.994966246
1305031106.943439007 -0.039679540 -0.032687675 0.233190331 -0.094598823 -0.004117490 -0.003669466 0.995500198
1305031106.975547075 -0.042720538 -0.040068965 0.216333605 -0.093292392 -0.003093585 -0.008692923 0.995595999
1305031107.011575937 -0.048434091 -0.045733205 0.195842730 -0.088289153 0.000067779 -0.012076433 0.996021677
1305031107.043281078 -0.054964061 -0.040482079 0.174900906 -0.079873347 0.003027550 -0.016849851 0.996657998
1305031107.075432062 -0.060715814 -0.044152942 0.159311096 -0.079339277 0.005707706 -0.019239842 0.996645639
1305031107.111228943 -0.064325729 -0.050472998 0.143733250 -0.075592531 0.006835214 -0.019641648 0.996921890
1305031107.143260002 -0.062885565 -0.052918450 0.127345036 -0.071359455 0.005984936 -0.019467688 0.997242708
1305031107.175399065 -0.065116953 -0.053694967 0.112672528 -0.068920315 0.006604260 -0.021644939 0.997365465
1305031107.211358070 -0.066098749 -0.063447382 0.099190492 -0.069416392 0.007301192 -0.022001596 0.997318398
1305031107.243377924 -0.070476515 -0.071347479 0.085817911 -0.065791588 0.009252670 -0.021407387 0.997560815
1305031107.275398016 -0.076318667 -0.073056045 0.072801563 -0.060747629 0.012064608 -0.021121898 0.997856721
1305031107.311225891 -0.080657730 -0.077712975 0.060330373 -0.056009381 0.014319593 -0.021586671 0.998094141
1305031107.343508959 -0.089366346 -0.087000210 0.046104872 -0.051317056 0.018228343 -0.022816069 0.998255335
1305031107.375412941 -0.097940883 -0.107671608 0.036857738 -0.046132308 0.021380703 -0.023769935 0.998423590
1305031107.411271095 -0.104400090 -0.106935059 0.024134249 -0.038964125 0.024795683 -0.022995497 0.998668202
1305031107.443418980 -0.108142038 -0.108000767 0.017031632 -0.033732000 0.027095790 -0.022606872 0.998807739
1305031107.475377083 -0.111141231 -0.113518993 0.014352840 -0.031136795 0.029169365 -0.022670869 0.998832158
1305031107.511352062 -0.117349656 -0.115621939 0.008126724 -0.030512557 0.032869795 -0.021964743 0.998752277
1305031107.543605089 -0.117707643 -0.112043723 0.004549621 -0.029317985 0.033876590 -0.022169562 0.998749890
1305031107.575453997 -0.115839499 -0.109766340 0.005438450 -0.029622438 0.034295123 -0.021082630 0.998750158
1305031107.611270905 -0.113882925 -0.109700037 0.003636475 -0.029627609 0.034426332 -0.020323629 0.998761224
1305031107.643322945 -0.113322648 -0.105435620 0.004069874 -0.028855094 0.034794697 -0.019477215 0.998787941
1305031107.675568104 -0.111063569 -0.098721270 0.007105550 -0.028261291 0.034547348 -0.018867372 0.998825211
1305031107.711307049 -0.110028227 -0.096040766 0.010337745 -0.027904408 0.034297553 -0.018012074 0.998859643
1305031107.743537903 -0.109638197 -0.092785725 0.014452755 -0.027575254 0.034158878 -0.017503375 0.998882580
1305031107.775801897 -0.108267814 -0.085408180 0.018550689 -0.027184017 0.033335148 -0.016191910 0.998943251
1305031107.811595917 -0.106475470 -0.082115649 0.022360749 -0.027332103 0.031988281 -0.015845333 0.998988804
1305031107.843332052 -0.104433770 -0.078809436 0.027916854 -0.027143639 0.031277531 -0.015565151 0.999020853
1305031107.875358105 -0.104123076 -0.075962382 0.031606112 -0.027236151 0.031342599 -0.015113571 0.999023230
1305031107.911540985 -0.105560616 -0.074597135 0.033853905 -0.027115715 0.032097524 -0.015979220 0.998989065
1305031107.943121910 -0.109504612 -0.073531877 0.034304045 -0.026579316 0.034248632 -0.017573648 0.998905270
1305031107.975806952 -0.113356928 -0.072809941 0.033166542 -0.025653582 0.036474019 -0.018834681 0.998827710
1305031108.011320114 -0.119391312 -0.077231024 0.030179478 -0.027101459 0.040251278 -0.018621584 0.998648378
1305031108.043417931 -0.120576179 -0.075280343 0.029441945 -0.024580914 0.042964439 -0.022300854 0.998525166
1305031108.075351954 -0.131560824 -0.072303737 0.027088338 -0.023517064 0.050825144 -0.020251349 0.998225243
1305031108.111377954 -0.141132194 -0.071711452 0.026555279 -0.023079913 0.060524188 -0.016170602 0.997768837
1305031108.143333912 -0.152137451 -0.069781191 0.025155738 -0.022035986 0.068075487 -0.013866182 0.997340399
1305031108.176058054 -0.149324866 -0.068473547 0.026058238 -0.021348129 0.069201392 -0.013802987 0.997278749
1305031108.211474895 -0.146925961 -0.063196099 0.030717513 -0.020697916 0.070009690 -0.012797497 0.997249449
1305031108.243346930 -0.140394546 -0.057808484 0.029540581 -0.022461095 0.069366467 -0.011173277 0.997275764
1305031108.275357962 -0.135973010 -0.057527792 0.032346129 -0.022351535 0.069573326 -0.011892570 0.997255498
1305031108.311331987 -0.134742888 -0.055062296 0.035119235 -0.021822212 0.070968908 -0.012083442 0.997166584
1305031108.343277931 -0.129310019 -0.048150753 0.035460571 -0.022738196 0.070328686 -0.010039277 0.997214151
1305031108.375410080 -0.124580704 -0.051041746 0.036564920 -0.029149262 0.069207171 -0.008021419 0.997144094
1305031108.411360979 -0.112667049 -0.050375575 0.039135199 -0.032811482 0.065217797 -0.001508112 0.997330322
1305031108.443609953 -0.102478904 -0.051301177 0.042203359 -0.036491998 0.061673307 0.005106393 0.997415992
1305031108.475471020 -0.092978891 -0.052925766 0.045613094 -0.039697864 0.058840334 0.011365780 0.997413011
1305031108.511378050 -0.083675172 -0.056675122 0.046607890 -0.043111549 0.056425650 0.017479766 0.997322414
1305031108.543736935 -0.079866450 -0.058787669 0.045751841 -0.043426375 0.057574991 0.019909344 0.997197517
1305031108.575413942 -0.088044988 -0.053940629 0.045742869 -0.038572484 0.065570582 0.023014715 0.996836489
1305031108.611407042 -0.091893692 -0.047284529 0.044893862 -0.035221659 0.069510261 0.022122137 0.996713785
1305031108.643302917 -0.089533548 -0.045494462 0.045354237 -0.034686738 0.072069218 0.023636705 0.996516013
1305031108.675374985 -0.094889141 -0.044425345 0.048759787 -0.034431737 0.077681400 0.025715662 0.996051585
1305031108.711410999 -0.093565061 -0.043097709 0.052961392 -0.035076864 0.081017773 0.028867182 0.995676865
1305031108.743501902 -0.099778232 -0.048866879 0.054833455 -0.039622711 0.088581398 0.037784331 0.994563080
1305031108.775492907 -0.100418273 -0.049731129 0.057444154 -0.040025625 0.091408941 0.040380479 0.994189002
1305031108.811244011 -0.101397276 -0.049121853 0.059544696 -0.040211075 0.094402567 0.042803856 0.993800309
1305031108.843264103 -0.100347803 -0.050378206 0.061518879 -0.040698596 0.096266857 0.045726359 0.993471397
1305031108.943243027 -0.090181013 -0.051948890 0.055460091 -0.037504801 0.091539510 0.054968887 0.993575528
1305031108.975267887 -0.090181013 -0.051948890 0.055460091 -0.037504801 0.091539510 0.054968887 0.993575528
1305031109.011269093 -0.088772004 -0.047546584 0.051219150 -0.034871149 0.088321081 0.053056831 0.994066578
1305031109.043277025 -0.084305115 -0.048449149 0.049670614 -0.035439437 0.085163396 0.052160011 0.994369436
1305031109.075409889 -0.089077599 -0.045539609 0.047251666 -0.034227007 0.085880529 0.049968820 0.994462751
1305031109.111282110 -0.086327954 -0.041280054 0.046032522 -0.033712051 0.082639669 0.047980122 0.994852798
1305031109.143333912 -0.085606996 -0.048189655 0.046400753 -0.038746969 0.080710895 0.043770233 0.995021905
1305031109.175463915 -0.084369377 -0.047394791 0.044689569 -0.038539261 0.078275765 0.043029193 0.995256810
1305031109.211379051 -0.077217072 -0.040840666 0.043164676 -0.037469254 0.071473840 0.039151746 0.995969219
1305031109.243289948 -0.073631102 -0.032899601 0.042623045 -0.038707196 0.067341036 0.041943242 0.996096231
1305031109.275307894 -0.070954200 -0.038492438 0.042761097 -0.046344285 0.064392191 0.045553855 0.995806557
1305031109.311328888 -0.069702369 -0.042101988 0.041477325 -0.047923246 0.061853415 0.047825966 0.995786219
1305031109.343247890 -0.065422539 -0.041084624 0.039456924 -0.047118663 0.055180895 0.046882468 0.996261479
1305031109.375396967 -0.058873377 -0.039171888 0.039627696 -0.048094531 0.048596373 0.045682490 0.996613475
1305031109.411329031 -0.054067744 -0.038010118 0.039190400 -0.048766077 0.043136715 0.044887846 0.996868183
1305031109.443301916 -0.053284411 -0.038383755 0.038835163 -0.049192737 0.040473157 0.043906231 0.997002628
1305031109.475363016 -0.054584921 -0.041347997 0.039179980 -0.053050915 0.037964970 0.037843125 0.997152024
1305031109.511272907 -0.058283301 -0.045281166 0.040100830 -0.055610243 0.038017566 0.035241608 0.997105909
1305031109.543293953 -0.062814649 -0.046594562 0.037607588 -0.055514128 0.037768799 0.033443284 0.997182654
1305031109.575361967 -0.064613204 -0.046345197 0.033962353 -0.054604634 0.037037141 0.031868270 0.997311886
1305031109.611310005 -0.070101300 -0.046670802 0.032797511 -0.054578226 0.037712861 0.030876138 0.997319217
1305031109.643229008 -0.073786112 -0.045582543 0.032661604 -0.054157238 0.037527956 0.029888645 0.997379223
1305031109.675262928 -0.075416345 -0.043917256 0.033195685 -0.053805848 0.036841154 0.029399672 0.997438379
1305031109.711312056 -0.078774815 -0.042637539 0.034812828 -0.054282931 0.036818170 0.030596102 0.997377393
1305031109.743273973 -0.081940278 -0.036473695 0.038493952 -0.052997865 0.036064529 0.028655671 0.997531668
1305031109.775276899 -0.079589522 -0.036977052 0.038207823 -0.056885502 0.033514953 0.025063201 0.997503195
1305031109.811371088 -0.082833571 -0.034597533 0.042865614 -0.056851114 0.033385184 0.024576355 0.997521620
1305031109.843296051 -0.088152808 -0.032404018 0.047282029 -0.056927438 0.033992174 0.023954686 0.997511891
1305031109.875305891 -0.091603713 -0.032855494 0.053297095 -0.058657923 0.033797931 0.023920106 0.997419058
1305031109.911264896 -0.092407884 -0.032375855 0.058645094 -0.060343726 0.032125268 0.022479389 0.997407278
1305031109.943299055 -0.090935330 -0.034398717 0.063146944 -0.061436688 0.029010135 0.020437294 0.997479956
1305031109.975258112 -0.094053800 -0.033639933 0.069609158 -0.062822702 0.028320945 0.016828725 0.997480840
1305031110.011255980 -0.094129236 -0.042440847 0.073364696 -0.070211354 0.026239349 0.011971485 0.997115112
1305031110.043298960 -0.093425681 -0.047361145 0.078108439 -0.074234041 0.023800441 0.006625006 0.996934780
1305031110.075319052 -0.096382609 -0.050565726 0.083288750 -0.077952671 0.023221843 0.001203866 0.996685847
1305031110.111325026 -0.097460434 -0.053496221 0.087036675 -0.081935669 0.021712288 -0.003519990 0.996394868
1305031110.143431902 -0.095321771 -0.063637638 0.092951221 -0.089522530 0.018530255 -0.006768712 0.995789401
1305031110.175641060 -0.096219011 -0.066440682 0.098809278 -0.090793251 0.016279985 -0.007051349 0.995711718
1305031110.211637020 -0.097887142 -0.064938436 0.104339366 -0.091488257 0.014154531 -0.007872680 0.995674429
1305031110.243323088 -0.102541548 -0.070010520 0.110814977 -0.094833501 0.014200039 -0.006191519 0.995372609
1305031110.279320955 -0.099817944 -0.071690772 0.110601555 -0.095253207 0.010571604 -0.005448184 0.995382030
1305031110.311403990 -0.096283235 -0.070693734 0.107317316 -0.094298179 0.007003480 -0.006642729 0.995497202
1305031110.343354940 -0.092928115 -0.068315195 0.103715005 -0.092561567 0.003272160 -0.008198551 0.995667833
1305031110.379281044 -0.092736436 -0.066236356 0.101410405 -0.091775739 0.000643019 -0.008484412 0.995743348
1305031110.411468983 -0.088130439 -0.066264125 0.099958641 -0.091370897 -0.003815342 -0.010623047 0.995752958
1305031110.443259954 -0.090478816 -0.060199127 0.100549018 -0.089340278 -0.005811738 -0.013731452 0.995889545
1305031110.479331017 -0.098259682 -0.061384451 0.110898585 -0.091327055 -0.006696808 -0.015701306 0.995674641
1305031110.511429071 -0.103939558 -0.065580196 0.116531806 -0.092888167 -0.007979833 -0.017212172 0.995495782
1305031110.543407917 -0.102447811 -0.065050572 0.118443871 -0.092419196 -0.011075391 -0.019358590 0.995470378
1305031110.579426050 -0.107535927 -0.058534767 0.123723069 -0.090944743 -0.012025090 -0.021344025 0.995554561
1305031110.611306906 -0.100129129 -0.061359200 0.125601221 -0.096239147 -0.017772612 -0.027837293 0.994810156
1305031110.643418074 -0.105354156 -0.067785863 0.134328593 -0.099101855 -0.017938322 -0.028932597 0.994494818
1305031110.679605961 -0.106587461 -0.065644900 0.131289474 -0.097871113 -0.018551105 -0.030951690 0.994544667
1305031110.711411953 -0.112135855 -0.060787473 0.134365653 -0.096718520 -0.018035330 -0.032142576 0.994629132
1305031110.743248940 -0.119220017 -0.065783774 0.142753696 -0.098996793 -0.016933297 -0.031162006 0.994455543
1305031110.779192924 -0.121348856 -0.067663033 0.143560028 -0.099543922 -0.016927815 -0.031358312 0.994394848
1305031110.811386108 -0.121952369 -0.066375703 0.143689676 -0.099115234 -0.017114587 -0.032087635 0.994411205
1305031110.843218088 -0.127378882 -0.065210973 0.147351761 -0.099021556 -0.015935064 -0.032937428 0.994412355
1305031110.879312992 -0.129413523 -0.068746572 0.150962328 -0.100331862 -0.015834942 -0.032335577 0.994302360
1305031110.911333084 -0.126860632 -0.068334953 0.149161114 -0.100201245 -0.016662504 -0.032337396 0.994301948
1305031110.943861961 -0.126163020 -0.068490957 0.150853736 -0.100451677 -0.017070420 -0.032115606 0.994276948
1305031110.979345083 -0.123086004 -0.067680442 0.149694627 -0.100285645 -0.017872181 -0.031966142 0.994284436
1305031111.011430979 -0.124041929 -0.064471282 0.152926373 -0.099817947 -0.017168147 -0.031988109 0.994343197
1305031111.043327093 -0.131823551 -0.069154148 0.156686432 -0.102510024 -0.012189800 -0.027415523 0.994279384
1305031111.079282999 -0.132611387 -0.068791452 0.157122278 -0.102860743 -0.010721453 -0.026396492 0.994287656
1305031111.111507893 -0.132653385 -0.072033509 0.162593065 -0.105040103 -0.009494333 -0.023011158 0.994156387
1305031111.143256903 -0.127197455 -0.075482930 0.163926278 -0.106571062 -0.010044466 -0.021017660 0.994032180
1305031111.179326057 -0.122838354 -0.075050571 0.159740639 -0.106243205 -0.010372118 -0.020816653 0.994068140
1305031111.211432934 -0.116750536 -0.074801901 0.156411822 -0.106039677 -0.010375427 -0.020352803 0.994099442
1305031111.243236065 -0.115811944 -0.075339408 0.156520915 -0.106393799 -0.008803733 -0.019826652 0.994087399
1305031111.279308081 -0.111659880 -0.078904112 0.154446838 -0.107525425 -0.009114378 -0.018218306 0.993993614
1305031111.311547041 -0.098323827 -0.076903730 0.144051170 -0.105311123 -0.011595558 -0.018648260 0.994196838
1305031111.343396902 -0.092642682 -0.071592515 0.139890380 -0.103841294 -0.011840172 -0.017533229 0.994368836
1305031111.379133940 -0.089447617 -0.079688683 0.144342047 -0.107846039 -0.012492006 -0.014209279 0.993987564
1305031111.411295891 -0.071507430 -0.082526469 0.137966132 -0.108283244 -0.017154313 -0.012274351 0.993896277
1305031111.443386078 -0.067180111 -0.078016526 0.130262765 -0.105415449 -0.017742177 -0.011790873 0.994200067
1305031111.479259014 -0.062016476 -0.077321854 0.128800078 -0.104849399 -0.019051098 -0.013027096 0.994220274
1305031111.511264086 -0.057815391 -0.077548343 0.123388929 -0.104281116 -0.016886212 -0.013206520 0.994316797
1305031111.543250084 -0.065021176 -0.078638261 0.114979090 -0.103937637 -0.007418673 -0.011280359 0.994492174
1305031111.579236984 -0.057468880 -0.079573889 0.107341367 -0.102603865 -0.007416231 -0.012217950 0.994619610
1305031111.611270905 -0.051638740 -0.076145017 0.100586640 -0.101188811 -0.006592244 -0.011990699 0.994773135
1305031111.643394947 -0.043877929 -0.083071236 0.098897550 -0.104438153 -0.007261501 -0.006956882 0.994480540
1305031111.679320097 -0.036000422 -0.085160297 0.093268766 -0.102006083 -0.007910468 0.000854751 0.994751955
1305031111.711760044 -0.039372978 -0.075610678 0.086062333 -0.096723916 0.002468369 0.009419013 0.995263620
1305031111.743386030 -0.049962328 -0.077198541 0.084066110 -0.097046856 0.010551758 0.009533146 0.995178219
1305031111.779422998 -0.061432213 -0.077248736 0.079962685 -0.094420001 0.024349528 0.015038495 0.995121002
1305031111.811405897 -0.086600079 -0.068331862 0.070227493 -0.091494084 0.045063182 0.021250273 0.994558479
1305031111.843298912 -0.103492884 -0.067589836 0.064260850 -0.091422892 0.060242524 0.027991325 0.993594071
1305031111.879441977 -0.103599938 -0.060300491 0.059599578 -0.087712845 0.063228210 0.027499558 0.993756723
1305031111.911354065 -0.103620348 -0.059818922 0.059854607 -0.087827452 0.064975948 0.028695939 0.993600024
1305031111.943300009 -0.094341473 -0.061291483 0.056282801 -0.088006245 0.062199863 0.032610807 0.993641089
1305031111.979449034 -0.083890585 -0.059482674 0.054544948 -0.085818483 0.058846377 0.040565448 0.993743798
1305031112.011432886 -0.076006391 -0.055843120 0.049838642 -0.084543148 0.057869829 0.043823418 0.993772130
1305031112.043270111 -0.080991429 -0.056375637 0.046620204 -0.083449872 0.062461511 0.042098022 0.993661127
1305031112.079339027 -0.082766219 -0.053337293 0.042494233 -0.080783763 0.065987842 0.039751556 0.993750171
1305031112.111423016 -0.091865579 -0.053913445 0.041235492 -0.080273958 0.075559536 0.040340388 0.993085848
1305031112.144341946 -0.095549648 -0.053845178 0.041320777 -0.079324983 0.079409875 0.038487141 0.992935224
1305031112.179389954 -0.097843099 -0.051590578 0.040874364 -0.078914479 0.082870646 0.035793391 0.992785875
1305031112.211253881 -0.107626518 -0.054650831 0.041749928 -0.082171714 0.090990203 0.033165683 0.991901522
1305031112.243369102 -0.116689366 -0.062121141 0.043389709 -0.083813459 0.099308197 0.032477672 0.990988591
1305031112.279352903 -0.123585739 -0.063837820 0.043069030 -0.080671472 0.107476814 0.031309798 0.990434523
1305031112.311311960 -0.128380124 -0.065548476 0.042616366 -0.078290296 0.112481418 0.029264508 0.990132389
1305031112.343322992 -0.127399015 -0.063676256 0.040218310 -0.073283991 0.114190138 0.031406457 0.990254363
1305031112.379359961 -0.125090117 -0.060255725 0.038671633 -0.068309825 0.114724935 0.033240222 0.990488286
1305031112.411442041 -0.121375823 -0.058108302 0.037538686 -0.065363294 0.114223521 0.037338693 0.990599035
1305031112.443391085 -0.116227881 -0.058625072 0.035228817 -0.065046219 0.112968422 0.039238888 0.990690383
1305031112.479418039 -0.113553730 -0.060089569 0.034963865 -0.064150232 0.113460990 0.042860354 0.990542448
1305031112.511503935 -0.111828958 -0.059790725 0.033480005 -0.062786520 0.113772341 0.047446876 0.990385027
1305031112.543211937 -0.107430057 -0.062035158 0.033883048 -0.062575712 0.112607548 0.049483417 0.990431831
1305031112.579252005 -0.106050471 -0.062419278 0.032480332 -0.061970217 0.112109560 0.051080746 0.990445302
1305031112.611260891 -0.102302333 -0.062833060 0.031569977 -0.061638346 0.111078832 0.053432905 0.990458041
1305031112.643245935 -0.098434732 -0.061917949 0.032849049 -0.061712909 0.111646532 0.055160919 0.990294826
1305031112.679951906 -0.104989116 -0.064716063 0.038681176 -0.063488921 0.119843992 0.061848572 0.988828260
1305031112.711251020 -0.103973867 -0.065060800 0.042100097 -0.063966862 0.122571708 0.064014331 0.988325140
1305031112.743244886 -0.105393832 -0.062552631 0.045628550 -0.063536502 0.125532565 0.065461489 0.987886371
1305031112.779309988 -0.108374897 -0.063861115 0.046793369 -0.068667186 0.128407727 0.069883725 0.986870072
1305031112.811310053 -0.108575480 -0.073974930 0.049502820 -0.076540281 0.129870157 0.074116315 0.985790089
1305031112.843286037 -0.108263769 -0.073633470 0.052094155 -0.076831810 0.129442400 0.073873918 0.985841865
1305031112.879420996 -0.099666148 -0.068182298 0.052778951 -0.076161532 0.123479239 0.072680521 0.986747101
1305031112.911411047 -0.096706814 -0.069605782 0.052944890 -0.079421954 0.121485210 0.073508554 0.986676233
1305031112.943320990 -0.096706814 -0.069605782 0.052944890 -0.079421954 0.121485210 0.073508554 0.986676233
1305031112.979278088 -0.091005859 -0.069677775 0.051781392 -0.080481586 0.116365669 0.071790883 0.987333690
1305031113.011353016 -0.086157564 -0.068916423 0.050410171 -0.080746863 0.111663557 0.070133521 0.987973929
1305031113.043231010 -0.082808947 -0.066225652 0.049601518 -0.080602911 0.108612190 0.068950913 0.988408992
1305031113.079251051 -0.081915258 -0.066135954 0.048825196 -0.082108018 0.107031548 0.068672448 0.988476917
1305031113.111315966 -0.080845744 -0.067355648 0.046026613 -0.081957625 0.104098000 0.066325024 0.988962863
1305031113.143306017 -0.080602320 -0.058908093 0.043028121 -0.078202153 0.100295548 0.061965249 0.989942187
1305031113.179342985 -0.080097180 -0.056091766 0.043015963 -0.078371802 0.097993869 0.060451677 0.990252825
1305031113.211258888 -0.081132772 -0.058780593 0.042635956 -0.079561263 0.096524413 0.061422872 0.990242533
1305031113.243227005 -0.080181579 -0.054731708 0.038693784 -0.077346885 0.092641988 0.061862621 0.990761292
1305031113.279311895 -0.075562313 -0.053269770 0.037390060 -0.078045211 0.088146672 0.062534050 0.991074468
1305031113.311451912 -0.069590396 -0.055876864 0.035398036 -0.078649913 0.082503233 0.062856888 0.991492017
1305031113.343251944 -0.066955241 -0.055678342 0.031794852 -0.074582125 0.077727347 0.065787213 0.992002021
1305031113.379312038 -0.060211957 -0.051374295 0.030138350 -0.071280381 0.070525701 0.065303059 0.992814556
1305031113.411624908 -0.056652253 -0.049796968 0.033028254 -0.071586579 0.064956007 0.063219855 0.993307268
1305031113.443265915 -0.052529378 -0.053017607 0.031594906 -0.071996698 0.058716173 0.061111469 0.993797904
1305031113.479310989 -0.050227955 -0.049607959 0.033800864 -0.070695659 0.053132249 0.056103399 0.994500627
1305031113.511523008 -0.045812313 -0.050446531 0.035557981 -0.073722791 0.046943890 0.049546578 0.994940379
1305031113.543241978 -0.044398150 -0.054284063 0.039759281 -0.076644047 0.043433053 0.048781564 0.994916891
1305031113.579301119 -0.043852917 -0.055181271 0.041868971 -0.076959976 0.040145218 0.047610563 0.995087312
1305031113.611268044 -0.039022520 -0.054972387 0.045691629 -0.076971979 0.034904661 0.044146167 0.995443667
1305031113.643222094 -0.034330020 -0.049812649 0.045053206 -0.076916017 0.030055500 0.036015891 0.995933456
1305031113.679287910 -0.039849030 -0.052820767 0.048817028 -0.078916019 0.030819887 0.032082159 0.995888112
1305031113.711930990 -0.045958244 -0.053901541 0.051339302 -0.079489416 0.031809040 0.028784948 0.995912167
1305031113.743590117 -0.052110330 -0.055031485 0.052913514 -0.079522937 0.033098052 0.024735351 0.995976297
1305031113.779320002 -0.058842134 -0.055742776 0.055136646 -0.079349985 0.034828921 0.021572146 0.996004603
1305031113.811237097 -0.066700215 -0.056234043 0.056616756 -0.078825814 0.036625076 0.019354318 0.996027362
1305031113.843295097 -0.069216441 -0.055876351 0.057237478 -0.078417877 0.036665634 0.018131394 0.996081081
1305031113.879281044 -0.077034160 -0.056701239 0.061105689 -0.079028597 0.038587965 0.014765682 0.996015775
1305031113.911289930 -0.078068575 -0.057215475 0.060028686 -0.078075073 0.037511598 0.013541765 0.996149479
1305031113.943290949 -0.077608036 -0.056520845 0.055960677 -0.077510626 0.036316104 0.013670599 0.996236096
1305031113.979293108 -0.082662282 -0.056118356 0.053958762 -0.076589999 0.037488174 0.012244913 0.996282425
1305031114.011256933 -0.089034733 -0.056266526 0.053167719 -0.075147966 0.038634773 0.008725107 0.996385473
1305031114.043301105 -0.091735340 -0.056521644 0.051962737 -0.074465163 0.038016063 0.007501109 0.996470497
1305031114.079284906 -0.089066975 -0.057529661 0.050106731 -0.074285248 0.034451640 0.006929664 0.996617663
1305031114.111263037 -0.083822385 -0.056535805 0.046726195 -0.073125874 0.029176698 0.006794202 0.996872693
1305031114.143284082 -0.080197364 -0.053052502 0.047445193 -0.071382919 0.023961586 0.003761956 0.997154035
1305031114.179337025 -0.081003417 -0.052495824 0.048606532 -0.070824723 0.021558142 0.002197932 0.997253365
1305031114.211302996 -0.079404605 -0.053290685 0.045089670 -0.070034448 0.019937751 0.000978380 0.997344828
1305031114.243336916 -0.087298693 -0.050221999 0.048082423 -0.069294129 0.020828996 -0.001250152 0.997378019
1305031114.279390097 -0.091658459 -0.050432753 0.054449414 -0.069537186 0.018796742 -0.003158181 0.997397257
1305031114.311429024 -0.086805959 -0.051658244 0.057126360 -0.069617815 0.012413816 -0.004637332 0.997485715
1305031114.343331099 -0.077338036 -0.049272104 0.062903047 -0.068820215 0.004287326 -0.007305733 0.997593115
1305031114.379319906 -0.080820603 -0.048826585 0.067764139 -0.068428976 0.002445313 -0.010384199 0.997598950
1305031114.411396980 -0.086157482 -0.048334512 0.070318550 -0.068073592 0.002211381 -0.012676985 0.997597309
1305031114.443345070 -0.091729988 -0.050024431 0.071879621 -0.068171664 0.002085046 -0.014056370 0.997572401
1305031114.479331970 -0.089301966 -0.050699755 0.074679780 -0.068098881 -0.001427641 -0.015614881 0.997555352
1305031114.511265993 -0.081894846 -0.047913314 0.076429144 -0.066777872 -0.008347338 -0.017947430 0.997571515
1305031114.543236017 -0.077780367 -0.044178499 0.082454131 -0.065413576 -0.014224119 -0.022361389 0.997506244
1305031114.579236984 -0.076824355 -0.045374482 0.088292213 -0.066236924 -0.015814488 -0.022393689 0.997427238
1305031114.611391068 -0.076982996 -0.045401438 0.090699907 -0.066618681 -0.016248418 -0.021620979 0.997411888
1305031114.644135952 -0.081833467 -0.041551579 0.098419483 -0.066638069 -0.015676149 -0.021038860 0.997432199
1305031114.679250956 -0.086256673 -0.044850300 0.106745470 -0.069378566 -0.015931982 -0.020764723 0.997247017
1305031114.711306095 -0.080394839 -0.048445338 0.110586177 -0.070581892 -0.019725617 -0.021148296 0.997086679
1305031114.743200064 -0.073580678 -0.047824317 0.108560006 -0.070220521 -0.022535113 -0.021808897 0.997038424
1305031114.779289007 -0.074099287 -0.047151439 0.104654577 -0.069563591 -0.023082316 -0.023702316 0.997028743
1305031114.811302900 -0.074756200 -0.043852871 0.098710535 -0.068309500 -0.022866374 -0.025201605 0.997083658
1305031114.843208075 -0.077501990 -0.043643015 0.101048889 -0.068482240 -0.022280850 -0.025398709 0.997080063
1305031114.879281044 -0.077302901 -0.041785417 0.100655673 -0.067976955 -0.022509297 -0.026051394 0.997092669
1305031114.912878990 -0.075613567 -0.040282202 0.102125935 -0.067823554 -0.022801358 -0.025669459 0.997106385
1305031114.943233967 -0.077556286 -0.036436359 0.106007845 -0.067260017 -0.022189667 -0.026386402 0.997139642
1305031114.979279995 -0.082965303 -0.034392030 0.115197206 -0.067421061 -0.020491131 -0.027011522 0.997148380
1305031115.011300087 -0.089968600 -0.030810921 0.124324573 -0.067519656 -0.018160240 -0.027433307 0.997175368
1305031115.043508053 -0.083922428 -0.027961250 0.117455473 -0.073560859 -0.018534131 -0.027788428 0.996731202
1305031115.079237938 -0.087207985 -0.030098178 0.127361139 -0.075247099 -0.016613888 -0.026937689 0.996662538
1305031115.111229897 -0.092703115 -0.027753680 0.136622360 -0.075492441 -0.013709292 -0.026645481 0.996696024
1305031115.143275023 -0.101249570 -0.030564645 0.146319752 -0.077672159 -0.008054155 -0.023806863 0.996662129
1305031115.179440022 -0.113073051 -0.033699050 0.150600891 -0.079822206 0.000231863 -0.019885098 0.996610729
1305031115.211374044 -0.111745008 -0.038546842 0.155866768 -0.082307747 0.001046332 -0.017611347 0.996450792
1305031115.243297100 -0.100224806 -0.041678319 0.154245381 -0.083534017 -0.000452700 -0.015178170 0.996389224
1305031115.279966116 -0.092514521 -0.038601790 0.147529161 -0.081564535 -0.000217225 -0.012407930 0.996590800
1305031115.311703920 -0.082224855 -0.037482708 0.147775551 -0.082204917 -0.001436360 -0.009231622 0.996571656
1305031115.343235016 -0.071613859 -0.041390835 0.144625430 -0.083543331 -0.001384544 -0.006722773 0.996480506
1305031115.379165888 -0.061182302 -0.036360786 0.139382972 -0.082352725 0.006971340 -0.004957581 0.996566531
1305031115.411237001 -0.058755051 -0.038297269 0.145092894 -0.087933761 0.007148921 -0.000939715 0.996100228
1305031115.443159103 -0.050955548 -0.038026386 0.146223335 -0.091695570 0.004748843 0.004886925 0.995763772
1305031115.479240894 -0.042995553 -0.038509659 0.151309507 -0.093746236 0.003482417 0.008938035 0.995549912
1305031115.511253119 -0.037279387 -0.038840808 0.155931496 -0.096682382 0.003035582 0.013667232 0.995216815
1305031115.543603897 -0.034141426 -0.042952934 0.159441871 -0.099346016 0.005938843 0.018137034 0.994869915
1305031115.579314947 -0.005891426 -0.041552921 0.154495510 -0.099224440 0.014574566 0.018330035 0.994789476
1305031115.611423969 -0.009771216 -0.042955206 0.151942569 -0.099715713 0.020849429 0.019494346 0.994606479
1305031115.643254042 -0.006974476 -0.042918952 0.147743473 -0.099435933 0.023102997 0.021579213 0.994541645
1305031115.679240942 -0.009268411 -0.040536862 0.142041554 -0.097503539 0.027492801 0.024091605 0.994563623
1305031115.711319923 -0.002699973 -0.035730338 0.136638955 -0.094280425 0.026783604 0.031240147 0.994694874
1305031115.743249893 0.002170239 -0.029441853 0.132376313 -0.091616401 0.027162430 0.035733271 0.994782273
1305031115.779424906 0.003606685 -0.028236366 0.128798182 -0.090787560 0.029862103 0.035818449 0.994777821
1305031115.811276913 0.008768867 -0.025279138 0.123876751 -0.089473801 0.030585230 0.036255486 0.994859046
1305031115.843224049 0.008956141 -0.021334552 0.122055163 -0.088427239 0.033977743 0.038029051 0.994776320
1305031115.879198074 0.005716713 -0.022877436 0.122397365 -0.090185528 0.040304908 0.042661587 0.994194183
1305031115.911118031 0.014915031 -0.023316879 0.119204063 -0.089953095 0.038868567 0.046067051 0.994120467
1305031115.943310976 0.022896501 -0.018578657 0.116543034 -0.088044709 0.037438232 0.046688834 0.994317183
1305031115.980740070 0.023596849 -0.014452700 0.118028421 -0.086866976 0.040430732 0.049032860 0.994190758
1305031116.011379004 0.027136017 -0.010112572 0.119964070 -0.085914807 0.041565188 0.048819048 0.994237236
1305031116.043164015 0.030022410 -0.003338177 0.121167519 -0.084781693 0.043493173 0.045713488 0.994399661
1305031116.080029964 0.028252477 0.002113532 0.122520334 -0.085014785 0.047780971 0.042578552 0.994322147
1305031116.111299992 0.027614817 0.004481675 0.125168251 -0.088020860 0.051731094 0.042925071 0.993847906
1305031116.143440962 0.023778518 0.007888740 0.129012845 -0.089875463 0.056439125 0.040400126 0.993531507
1305031116.179572105 0.021506040 0.009622103 0.131739614 -0.090882116 0.060401499 0.041339631 0.993168231
1305031116.211298943 0.021189249 0.012603002 0.134439920 -0.090580320 0.062720595 0.042646891 0.992996765
1305031116.243319988 0.022298743 0.014043917 0.136658195 -0.091576989 0.064835257 0.045429514 0.992646062
1305031116.279385090 0.020853657 0.014583037 0.137679926 -0.091631736 0.067387487 0.046134998 0.992438468
1305031116.311336040 0.017926013 0.015800099 0.138141179 -0.091652844 0.072185746 0.047751142 0.992022582
1305031116.343291998 0.017914023 0.016569810 0.138337782 -0.092003355 0.074143619 0.049103134 0.991779708
1305031116.379384041 0.018996528 0.016160660 0.135351097 -0.091389911 0.074494959 0.049570253 0.991786860
1305031116.411333084 0.018204291 0.014165430 0.132944441 -0.089845397 0.075335645 0.049958822 0.991844978
1305031116.443368912 0.020847945 0.014961050 0.131669926 -0.089361403 0.074592571 0.052105820 0.991834397
1305031116.479850054 0.022986829 0.014202048 0.131555337 -0.090895371 0.074161259 0.054857109 0.991578961
1305031116.511204958 0.021633874 0.012909317 0.129160320 -0.090644209 0.074768532 0.055305582 0.991531435
1305031116.543262005 0.019113206 0.011722269 0.126979698 -0.090177168 0.075530252 0.053772460 0.991600616
1305031116.579313040 0.016215124 0.010958387 0.125440997 -0.089971374 0.076297394 0.053050684 0.991599458
1305031116.611260891 0.014594463 0.010359284 0.124130250 -0.090446570 0.075959566 0.051534317 0.991662128
1305031116.643354893 0.011009540 0.007265489 0.123443455 -0.091748501 0.075842959 0.048537644 0.991702655
1305031116.679280996 0.008671011 0.004673427 0.123196559 -0.092279522 0.074983751 0.047070895 0.991789422
1305031116.711633921 0.006408978 0.001946456 0.121482193 -0.093911543 0.073032410 0.043414049 0.991948643
1305031116.743290901 0.004648262 -0.001114880 0.120631955 -0.095804905 0.071628772 0.038703845 0.992064893
1305031116.779298067 0.004155716 -0.003365094 0.119527571 -0.098066497 0.069254525 0.033333834 0.992207452
1305031116.811317921 0.001705712 -0.007641851 0.118987779 -0.101672876 0.067200043 0.027197669 0.992172902
1305031116.846088886 -0.000781199 -0.009929168 0.116837034 -0.102916329 0.064769525 0.022272562 0.992329114
1305031116.880165100 0.002694776 -0.010738603 0.115014515 -0.103152008 0.058675463 0.019506825 0.992741828
1305031116.912044048 0.006825758 -0.012183211 0.114464066 -0.104577594 0.052219922 0.016210783 0.993012496
1305031116.943295956 0.014546746 -0.010753188 0.112113430 -0.104237032 0.044183125 0.013609972 0.993477358
1305031116.979351044 0.017414718 -0.012342671 0.113715717 -0.104934608 0.038198410 0.011066885 0.993683618
1305031117.011382103 0.021745950 -0.010860679 0.114698172 -0.103379032 0.028010277 0.000984657 0.994247067
1305031117.043261051 0.029881952 -0.007994006 0.115098556 -0.101629543 0.016846783 -0.005809771 0.994662691
1305031117.079519987 0.028728995 -0.006934541 0.117659208 -0.102116138 0.013008344 -0.007379299 0.994660054
1305031117.111238003 0.029533417 -0.008836705 0.122350895 -0.103852959 0.009459429 -0.007437471 0.994519867
1305031117.143218040 0.029533417 -0.008836705 0.122350895 -0.103852959 0.009459429 -0.007437471 0.994519867
1305031117.179264069 0.036763209 -0.009965301 0.125773285 -0.105892450 0.003186465 -0.007169501 0.994346637
1305031117.211360931 0.036763209 -0.009965301 0.125773285 -0.105892450 0.003186465 -0.007169501 0.994346637
1305031117.243277073 0.040008079 -0.007296008 0.129323500 -0.105746330 -0.000609936 -0.007669726 0.994363373
1305031117.279299021 0.038620786 -0.010122986 0.133343312 -0.110151501 -0.000719906 -0.010716486 0.993856773
1305031117.311199903 0.035415154 -0.017019720 0.137405538 -0.115941184 0.000551316 -0.014673684 0.993147532
1305031117.343242884 0.031880627 -0.024699923 0.141820564 -0.120243163 0.001875989 -0.015059124 0.992628473
1305031117.379453897 0.032521806 -0.027537913 0.142487255 -0.121454470 0.001192952 -0.014657867 0.992488053
1305031117.411221027 0.031204649 -0.027176693 0.139420987 -0.120348309 0.001597020 -0.014614160 0.992622869
1305031117.443274021 0.030548627 -0.024118309 0.135502057 -0.116549479 0.001372281 -0.012648793 0.993103390
1305031117.479403019 0.036695572 -0.026082586 0.131053552 -0.115325222 -0.001631527 -0.012512137 0.993247642
1305031117.511324883 0.040420431 -0.030500469 0.127849490 -0.115054320 -0.003882707 -0.010864357 0.993292200
1305031117.544285059 0.045637341 -0.031779611 0.123628672 -0.111233191 -0.006020213 -0.008636904 0.993738566
1305031117.579154968 0.043874577 -0.031270846 0.119849709 -0.106591331 -0.005350318 -0.008129086 0.994255289
1305031117.611159086 0.047160300 -0.032336972 0.115262553 -0.105229947 -0.007496502 -0.008501529 0.994383319
1305031117.643251896 0.049684902 -0.035505013 0.112483381 -0.104861909 -0.008906726 -0.007880398 0.994415682
1305031117.679261923 0.052170442 -0.037112783 0.110573231 -0.102878376 -0.010260432 -0.006263931 0.994621298
1305031117.711184025 0.056818592 -0.043119751 0.109455972 -0.104574488 -0.012479795 -0.005138718 0.994425475
1305031117.743184090 0.062069589 -0.047739675 0.107345373 -0.105494558 -0.014791472 -0.002634343 0.994306377
1305031117.779467106 0.069544481 -0.053393593 0.104804233 -0.106444475 -0.018158671 -0.000812921 0.994152491
1305031117.811320066 0.072889217 -0.055912235 0.102378000 -0.106806122 -0.019747521 0.000226675 0.994083717
1305031117.843291044 0.080968691 -0.062915490 0.100523239 -0.108471176 -0.022784658 0.001665369 0.993837054
1305031117.879451036 0.079606215 -0.063975471 0.097194915 -0.106618067 -0.021833781 0.001748586 0.994058759
1305031117.911406994 0.077203971 -0.067866599 0.096040480 -0.106980303 -0.020554284 0.000761558 0.994048367
1305031117.943253040 0.077491198 -0.072733493 0.094904141 -0.107197358 -0.020492665 -0.000110708 0.994026541
1305031117.979228020 0.074535627 -0.073202590 0.094503715 -0.106195995 -0.019111127 -0.001550707 0.994160335
1305031118.011228085 0.071151349 -0.080442761 0.099084922 -0.108952330 -0.017990021 -0.000751970 0.993883888
1305031118.043520927 0.069786525 -0.085933639 0.099620269 -0.110212113 -0.017631040 -0.000039636 0.993751697
1305031118.079334021 0.071558498 -0.089957351 0.099717113 -0.110144055 -0.018229214 -0.001774381 0.993746866
1305031118.111217022 0.069036886 -0.094268703 0.100940100 -0.110364608 -0.017058110 -0.002848703 0.993740690
1305031118.143255949 0.065128897 -0.100069569 0.102088732 -0.110495070 -0.014938076 -0.005518883 0.993749081
1305031118.179322958 0.064427526 -0.103584433 0.101627506 -0.110161223 -0.013801006 -0.007647581 0.993788484
1305031118.211201906 0.061406553 -0.112073492 0.100747719 -0.110946489 -0.011994717 -0.009149384 0.993711876
1305031118.243172884 0.059173707 -0.118027406 0.103255790 -0.108483524 -0.011008793 -0.006420734 0.994016552
1305031118.279194117 0.057928886 -0.125697374 0.107137464 -0.106501682 -0.011222996 -0.003782272 0.994241988
1305031118.311299086 0.059777556 -0.135098619 0.110686864 -0.103933612 -0.011900966 -0.001257052 0.994512238
1305031118.343323946 0.060721911 -0.141110227 0.113252615 -0.099867958 -0.012294228 0.001196761 0.994924023
1305031118.379208088 0.058752017 -0.140271498 0.115595580 -0.094434126 -0.011282444 0.000839948 0.995466824
1305031118.411295891 0.059464289 -0.145176381 0.117661616 -0.092004562 -0.011451491 0.002183435 0.995690342
1305031118.445692062 0.065034845 -0.146616650 0.117417573 -0.091000341 -0.013803797 0.002718803 0.995751476
1305031118.479285002 0.067332050 -0.147489101 0.118308265 -0.090868476 -0.014362049 0.003931032 0.995751575
1305031118.511255026 0.069667682 -0.149298032 0.117442723 -0.091083552 -0.015108489 0.005180163 0.995715163
1305031118.544414043 0.071991543 -0.146929236 0.118279985 -0.090373150 -0.015750302 0.006032588 0.995765148
1305031118.579284906 0.067982332 -0.142996862 0.119892109 -0.090072958 -0.014296584 0.003306341 0.995827062
1305031118.616142035 0.066019508 -0.137937103 0.121152436 -0.089237975 -0.013215615 0.002230047 0.995920157
1305031118.645324945 0.060085591 -0.131135449 0.120973811 -0.087761151 -0.010426974 -0.001208012 0.996086241
1305031118.679295063 0.054869416 -0.121471741 0.118619446 -0.086884847 -0.008250597 -0.006244203 0.996164625
1305031118.711421013 0.051676008 -0.114976955 0.114321528 -0.088128664 -0.006839202 -0.010879325 0.996026207
1305031118.746769905 0.050866369 -0.113985358 0.114249990 -0.088544738 -0.007024524 -0.010961673 0.995987112
1305031118.779277086 0.052479221 -0.107092090 0.112043802 -0.086973042 -0.008389691 -0.011095354 0.996113546
1305031118.811220884 0.057681796 -0.103949212 0.110419816 -0.092177117 -0.010837575 -0.010942475 0.995623517
1305031118.846752882 0.057205251 -0.102847513 0.110445462 -0.093015786 -0.011190648 -0.011285445 0.995537780
1305031118.879208088 0.058494833 -0.092693940 0.103391759 -0.089546218 -0.010873686 -0.010913553 0.995863511
1305031118.911176920 0.054964288 -0.079595976 0.098405540 -0.088670596 -0.009232757 -0.016040284 0.995889045
1305031118.946974039 0.050736035 -0.072891946 0.096027844 -0.087914230 -0.007603784 -0.019087869 0.995916123
1305031118.979373932 0.046840231 -0.064602505 0.094853892 -0.086375218 -0.005946336 -0.020993488 0.996023713
1305031119.011363029 0.044802993 -0.055004548 0.088915986 -0.087737113 -0.004750268 -0.025598576 0.995803368
1305031119.047172070 0.044173763 -0.049963515 0.081670920 -0.091980044 -0.004464239 -0.027984518 0.995357528
1305031119.079222918 0.042997829 -0.049400623 0.083426844 -0.093806457 -0.004710004 -0.027857702 0.995189486
1305031119.111327887 0.043002825 -0.045820758 0.081602340 -0.094045274 -0.005523087 -0.026842848 0.995190657
1305031119.147615910 0.046259583 -0.040028742 0.078778074 -0.093405400 -0.007502921 -0.024896304 0.995288557
1305031119.179225922 0.049042675 -0.038035184 0.078176036 -0.094438677 -0.009455386 -0.022510468 0.995231235
1305031119.211364031 0.054973834 -0.036402191 0.076333819 -0.094276844 -0.012988447 -0.022198434 0.995213749
1305031119.247399092 0.058424444 -0.029034828 0.071063442 -0.092253396 -0.014415757 -0.022400864 0.995379173
1305031119.279211998 0.057719484 -0.024573485 0.069913645 -0.091778397 -0.014453730 -0.021998040 0.995431515
1305031119.311212063 0.057473628 -0.020219324 0.069596588 -0.091446001 -0.014382417 -0.021559437 0.995472735
1305031119.347740889 0.059564460 -0.017633704 0.068474466 -0.091909692 -0.015565734 -0.019945405 0.995445879
1305031119.379239082 0.064809519 -0.013016382 0.065527593 -0.090939444 -0.017829734 -0.019604826 0.995503776
1305031119.411484003 0.064395472 -0.007643557 0.066193484 -0.090195677 -0.017824061 -0.020740475 0.995548530
1305031119.447705984 0.062904504 -0.001962819 0.068886673 -0.089541880 -0.016933382 -0.020711847 0.995623690
1305031119.479266882 0.060352193 -0.001124312 0.072207842 -0.090070129 -0.015642531 -0.021423732 0.995582094
1305031119.511240005 0.056811260 0.004724966 0.074069186 -0.089186175 -0.014160118 -0.022147198 0.995668026
1305031119.547382116 0.055470251 0.006253997 0.078426394 -0.090918855 -0.013744907 -0.020544806 0.995551480
1305031119.579559088 0.052543774 0.010935988 0.083071781 -0.091493798 -0.012647701 -0.020309858 0.995518172
1305031119.615016937 0.051166407 0.015842402 0.082353914 -0.095708827 -0.011298080 -0.022183364 0.995098021
1305031119.647902966 0.051166407 0.015842402 0.082353914 -0.095708827 -0.011298080 -0.022183364 0.995098021
1305031119.679208040 0.051559411 0.022392570 0.082325678 -0.099358801 -0.010888110 -0.022740784 0.994732192
1305031119.715231895 0.049003768 0.024359078 0.086950537 -0.105315039 -0.009270512 -0.024219604 0.994100705
1305031119.747193098 0.047678773 0.024852457 0.091216994 -0.111595499 -0.007755489 -0.021868285 0.993482801
1305031119.779169083 0.049193412 0.032350970 0.092898052 -0.112287455 -0.008303337 -0.021405424 0.993410484
1305031119.814537048 0.052014248 0.039407502 0.095459710 -0.112893276 -0.009656405 -0.019568286 0.993367477
1305031119.847429037 0.051595317 0.045313878 0.098445587 -0.113589306 -0.009275679 -0.017181982 0.993335900
1305031119.879214048 0.049524328 0.048500309 0.101088445 -0.114809370 -0.007496344 -0.015639326 0.993236138
1305031119.911401033 0.048790720 0.051983072 0.102131511 -0.114706814 -0.006843074 -0.015633752 0.993252790
1305031119.947391987 0.047605165 0.060010691 0.103588491 -0.114996912 -0.005782013 -0.015523329 0.993227721
1305031119.979537010 0.045309872 0.062665523 0.106879836 -0.117467755 -0.005029461 -0.018076009 0.992899435
1305031120.015264034 0.046720497 0.067661080 0.110730443 -0.118163576 -0.004961733 -0.019455612 0.992791131
1305031120.047290087 0.045164935 0.069681147 0.115766003 -0.123055088 -0.003476678 -0.018483249 0.992221612
1305031120.079417944 0.047926494 0.066550401 0.119453838 -0.126408875 -0.004933940 -0.019064012 0.991782746
1305031120.115231991 0.052695445 0.069363658 0.119395454 -0.125731187 -0.007070133 -0.018145881 0.991873182
1305031120.148156881 0.054691575 0.070842315 0.120311808 -0.125900003 -0.008015990 -0.017840466 0.991850115
1305031120.179245949 0.055942330 0.066375633 0.120320541 -0.127344610 -0.008663579 -0.017268899 0.991670347
1305031120.215249062 0.056201356 0.062447374 0.116205108 -0.126712046 -0.008572226 -0.016452331 0.991766049
1305031120.248003006 0.054711420 0.057613318 0.111686553 -0.125516930 -0.008493283 -0.016763355 0.991913481
1305031120.279429913 0.053792591 0.050909036 0.108392741 -0.126010249 -0.008359438 -0.017523618 0.991838928
1305031120.315196037 0.052733107 0.044129403 0.105333885 -0.126360535 -0.007791890 -0.017782378 0.991794378
1305031120.347786903 0.053481673 0.035023315 0.103101720 -0.127416161 -0.008077882 -0.017912879 0.991654677
1305031120.379436970 0.054708280 0.026078894 0.101793101 -0.128598581 -0.008996238 -0.018122353 0.991490319
1305031120.415445089 0.054346909 0.013999499 0.100841902 -0.129644959 -0.008745931 -0.016944390 0.991377113
1305031120.447417021 0.059324996 0.012008261 0.095687611 -0.123137449 -0.011352900 -0.017424421 0.992171694
1305031120.479432106 0.058017649 0.011892081 0.092098411 -0.118594235 -0.011071391 -0.015936263 0.992753175
1305031120.514818907 0.061083143 0.004030428 0.091305526 -0.116320971 -0.012427971 -0.013322219 0.993044559
1305031120.547735929 0.064321087 0.004181324 0.085562983 -0.110172512 -0.014127571 -0.011393248 0.993746760
1305031120.579550982 0.069826972 0.004279856 0.082167996 -0.104655381 -0.017531619 -0.009385669 0.994309712
1305031120.615236044 0.075812807 0.001735710 0.082930098 -0.101753314 -0.021251380 -0.005426824 0.994567842
1305031120.647353888 0.077771707 -0.000665484 0.081779218 -0.097404750 -0.023030808 -0.002669181 0.994974759
1305031120.679317951 0.076993523 0.002871228 0.080680181 -0.091125012 -0.023313455 -0.001439403 0.995565489
1305031120.714521885 0.082679061 -0.001004085 0.076152851 -0.091021069 -0.025692776 -0.001441771 0.995516433
1305031120.747369051 0.083481125 -0.001393750 0.071566470 -0.089708227 -0.026178707 -0.000158197 0.995623967
1305031120.779894114 0.087143063 -0.007757506 0.067500163 -0.090407517 -0.027955182 0.000892917 0.995512025
1305031120.814944029 0.085773139 -0.014337073 0.071194933 -0.088132676 -0.027683726 0.002589607 0.995720612
1305031120.847920895 0.086559637 -0.018118755 0.068504391 -0.087885088 -0.028103587 0.001623644 0.995732777
1305031120.883435011 0.087142140 -0.024180866 0.068643124 -0.088740092 -0.028676404 0.001674144 0.995640526
1305031120.915443897 0.088249046 -0.029165243 0.068872356 -0.086961656 -0.028886209 -0.000467034 0.995792669
1305031120.947488070 0.087724288 -0.033274858 0.067706949 -0.087274089 -0.028618820 -0.001510688 0.995772019
1305031120.983366013 0.086479875 -0.036516112 0.066200184 -0.086994390 -0.028292130 -0.002690957 0.995803339
1305031121.015018940 0.086791904 -0.043051193 0.064989584 -0.087706978 -0.028536993 -0.003024859 0.995732884
1305031121.047497988 0.085221258 -0.047018054 0.061350734 -0.087227409 -0.028097087 -0.003524424 0.995785876
1305031121.083098888 0.083953109 -0.052522545 0.060295033 -0.087882714 -0.027816756 -0.003681914 0.995735557
1305031121.114696026 0.084853807 -0.062192682 0.061970197 -0.087470165 -0.028622120 -0.001887196 0.995754078
1305031121.147330999 0.088634581 -0.072127011 0.066134539 -0.086970207 -0.030272199 -0.000541236 0.995750714
1305031121.183270931 0.090224186 -0.081007131 0.063257014 -0.087836741 -0.030818836 -0.000169658 0.995658012
1305031121.211420059 0.096861677 -0.091113528 0.063322060 -0.088801764 -0.033100990 0.000835723 0.995498806
1305031121.247194052 0.100347854 -0.099760056 0.063511280 -0.088713894 -0.033838713 0.001034300 0.995481651
1305031121.282876015 0.101637343 -0.107768569 0.063009015 -0.089902938 -0.034288144 0.001237786 0.995359359
1305031121.313568115 0.105532006 -0.118341554 0.062017552 -0.091749325 -0.035592444 0.003589286 0.995139365
1305031121.347517014 0.103508788 -0.121666275 0.066243947 -0.088042205 -0.035229900 0.005402573 0.995478898
1305031121.383225918 0.109292040 -0.131946727 0.066972609 -0.089615107 -0.037407672 0.007933592 0.995242110
1305031121.414318085 0.114550450 -0.147937181 0.071856963 -0.091068000 -0.039063669 0.009596028 0.995031942
1305031121.447319031 0.117042549 -0.159089527 0.076830992 -0.090681491 -0.039749975 0.009507248 0.995040913
1305031121.482964039 0.119750034 -0.166250380 0.076865408 -0.091390635 -0.040336775 0.010299543 0.994944529
1305031121.514106989 0.119303631 -0.175447344 0.081480577 -0.090090806 -0.039733653 0.012061397 0.995067538
1305031121.547270060 0.119686827 -0.179298181 0.080341582 -0.089765907 -0.039672360 0.011900719 0.995101281
1305031121.583204031 0.118692188 -0.181905432 0.083048458 -0.090223741 -0.039246080 0.011449827 0.995082069
1305031121.614700079 0.116492922 -0.187569883 0.083673346 -0.090611709 -0.038386976 0.010305979 0.995092832
1305031121.647182941 0.114708597 -0.192406978 0.084664590 -0.090818104 -0.037263085 0.009440606 0.995125323
1305031121.683199883 0.105446167 -0.192625595 0.086871192 -0.090230764 -0.033519280 0.007197521 0.995330630
1305031121.714519978 0.099923325 -0.195783093 0.088602068 -0.090797842 -0.031437172 0.006369721 0.995352642
1305031121.747144938 0.100440190 -0.197803624 0.089848420 -0.091070615 -0.031559691 0.006355179 0.995323938
1305031121.782835007 0.099769771 -0.199938334 0.091928901 -0.091881467 -0.031223380 0.006194599 0.995261033
1305031121.811539888 0.100955093 -0.201312370 0.093305570 -0.092162913 -0.031221986 0.006756044 0.995231401
1305031121.847335100 0.101232466 -0.199997931 0.094299649 -0.091953421 -0.030731937 0.007218713 0.995262783
1305031121.882060051 0.102977959 -0.200128960 0.096435444 -0.092336002 -0.030937227 0.008625964 0.995209799
1305031121.914931059 0.104602378 -0.199527847 0.096315359 -0.092884934 -0.031374870 0.010527826 0.995126711
1305031121.947288036 0.106358865 -0.199346846 0.096543995 -0.093236256 -0.032403145 0.011223055 0.995053305
1305031121.982925892 0.108384481 -0.197579053 0.096494723 -0.092629087 -0.033091171 0.010767339 0.995092403
1305031122.014256001 0.105116901 -0.193023155 0.096983615 -0.091733115 -0.032093416 0.009630903 0.995219722
1305031122.047306061 0.103332377 -0.191465677 0.097067158 -0.091606486 -0.031961566 0.008067286 0.995249531
1305031122.082958937 0.102916202 -0.187108184 0.095907522 -0.090541427 -0.032174908 0.006587951 0.995351006
1305031122.114671946 0.100813901 -0.181413767 0.094303136 -0.089311310 -0.031702614 0.005120195 0.995485920
1305031122.150724888 0.097974762 -0.173549617 0.092999817 -0.087858962 -0.031079312 0.002630255 0.995644495
1305031122.183042049 0.095616663 -0.167256602 0.090991034 -0.086962557 -0.030334385 -0.000760932 0.995749346
1305031122.214958906 0.089011624 -0.152821816 0.088364259 -0.084303517 -0.028029003 -0.004497136 0.996035676
1305031122.251318932 0.084585459 -0.146193941 0.086121725 -0.089399449 -0.026456506 -0.008515169 0.995607997
1305031122.283560038 0.085500297 -0.146068806 0.080701944 -0.095131189 -0.026555633 -0.011114984 0.995048397
1305031122.314289093 0.081766369 -0.127822092 0.074729487 -0.093670482 -0.025676676 -0.014301505 0.995169340
1305031122.351326942 0.082019580 -0.112800806 0.068042725 -0.098715932 -0.026414552 -0.018632218 0.994590507
1305031122.382630110 0.083031704 -0.107599762 0.062948010 -0.103736741 -0.027269935 -0.021148965 0.994005916
1305031122.414997101 0.088043038 -0.107336589 0.059177185 -0.110221345 -0.029818259 -0.022567445 0.993203321
1305031122.451256990 0.089220782 -0.098898883 0.059077912 -0.109398059 -0.031844002 -0.022674547 0.993229021
1305031122.483360052 0.089700106 -0.090941513 0.056614588 -0.110064384 -0.033608778 -0.021271103 0.993128301
1305031122.515096903 0.089012764 -0.087366061 0.056895325 -0.111374657 -0.034620149 -0.020425969 0.992965211
1305031122.551490068 0.088212190 -0.078714634 0.057174410 -0.110231859 -0.035237814 -0.021832024 0.993041085
1305031122.583208084 0.083391713 -0.073811457 0.059024206 -0.110677874 -0.033732303 -0.023290958 0.993010610
1305031122.614979982 0.079037834 -0.069785931 0.059746895 -0.111158179 -0.032118821 -0.024576486 0.992979475
1305031122.648787975 0.082411630 -0.067404513 0.057600524 -0.111350742 -0.033399709 -0.023288576 0.992946682
1305031122.683402061 0.083673873 -0.062276877 0.055247089 -0.110380306 -0.034036271 -0.023100761 0.993037801
1305031122.715208054 0.084954346 -0.057247711 0.053047755 -0.110098285 -0.034391538 -0.021565163 0.993091402
1305031122.751297951 0.087525634 -0.051902437 0.051867925 -0.109484679 -0.036085625 -0.020511082 0.993121457
1305031122.783422947 0.085019593 -0.042667441 0.055741704 -0.108572010 -0.035873972 -0.021928046 0.993199042
1305031122.812555075 0.087627649 -0.038774586 0.053736226 -0.114319514 -0.036343197 -0.023193387 0.992508079
1305031122.851418018 0.089867647 -0.036731906 0.052158778 -0.119223213 -0.036233868 -0.026428054 0.991854067
1305031122.883754015 0.089327214 -0.031761139 0.048706958 -0.123411677 -0.034882980 -0.029847912 0.991293013
1305031122.914571047 0.087763568 -0.032786454 0.048212434 -0.129756211 -0.032578767 -0.030943943 0.990527345
1305031122.951340914 0.083935938 -0.032626910 0.053610296 -0.131941763 -0.031209694 -0.029530180 0.990325853
1305031122.982815027 0.083224072 -0.030670911 0.056269979 -0.133052139 -0.030855676 -0.027950840 0.990234218
1305031123.015450001 0.083552878 -0.026631213 0.058286686 -0.133991434 -0.031150064 -0.024834147 0.990181415
1305031123.051826954 0.084287862 -0.024219953 0.059530602 -0.134468901 -0.031445139 -0.023115581 0.990148973
1305031123.082974911 0.085127861 -0.020770540 0.058695719 -0.133919973 -0.031480819 -0.022803729 0.990229463
1305031123.113873005 0.083984154 -0.014046885 0.059935913 -0.134410957 -0.030887264 -0.020843460 0.990224834
1305031123.150821924 0.086900490 -0.011946928 0.060321740 -0.138362192 -0.031660826 -0.022323265 0.989623751
1305031123.182154894 0.084208507 -0.003641066 0.060910065 -0.139226582 -0.030231700 -0.022057977 0.989553156
1305031123.214704037 0.087661854 0.002846848 0.063214151 -0.142478356 -0.031099214 -0.024766012 0.988999192
1305031123.250617981 0.084124863 0.004850062 0.068789285 -0.148633068 -0.029081647 -0.025580462 0.988133649
1305031123.282346964 0.079735002 0.008630620 0.076225718 -0.155500257 -0.025938843 -0.025031615 0.987177930
1305031123.311326981 0.075912366 0.008895806 0.081556534 -0.163247829 -0.022675553 -0.023511775 0.986044199
1305031123.350481033 0.074262694 0.010076672 0.088308071 -0.168720535 -0.021233670 -0.023511528 0.985154668
1305031123.382255077 0.075921898 0.013901938 0.092111072 -0.172833401 -0.020964975 -0.023893760 0.984437999
1305031123.411362886 0.074286441 0.022451655 0.094650662 -0.173156351 -0.019065336 -0.023311644 0.984433826
1305031123.451255083 0.074538725 0.026426611 0.097804046 -0.174524039 -0.018902823 -0.023842675 0.984182691
1305031123.483593941 0.077627811 0.033980455 0.100046011 -0.175340682 -0.019165880 -0.022026896 0.984074758
1305031123.511359930 0.081466076 0.041561942 0.102328706 -0.175697461 -0.020142527 -0.021540368 0.984002385
1305031123.551512957 0.081930692 0.047644021 0.104096423 -0.175770114 -0.019627006 -0.019707268 0.984038247
1305031123.579582930 0.084994173 0.051627380 0.107297594 -0.176724951 -0.020869523 -0.018751953 0.983860315
1305031123.611335039 0.084047646 0.058535433 0.108684806 -0.176037655 -0.019707131 -0.017389527 0.984032508
1305031123.652410984 0.086790312 0.067125272 0.110523135 -0.175829056 -0.020505251 -0.017585686 0.984050010
1305031123.683753014 0.088086584 0.075260652 0.113813411 -0.175940013 -0.020573061 -0.018385748 0.984014139
1305031123.711323023 0.088539625 0.086445338 0.115895176 -0.174352990 -0.019973843 -0.018297788 0.984310556
1305031123.751723051 0.089706238 0.092854566 0.118390551 -0.174331951 -0.020128863 -0.018184445 0.984313225
1305031123.783858061 0.092236822 0.095046204 0.119988869 -0.174624288 -0.020856667 -0.017877325 0.984251878
1305031123.811608076 0.094742716 0.095434548 0.121148440 -0.175010549 -0.021641812 -0.017447921 0.984174024
1305031123.851444006 0.096810895 0.095467191 0.122224841 -0.175421540 -0.022209011 -0.016799001 0.984099505
1305031123.883785963 0.099251318 0.093198938 0.122276204 -0.175963147 -0.023291319 -0.016750280 0.983978614
1305031123.911242962 0.099623183 0.088749001 0.119717923 -0.176487807 -0.023697769 -0.017016838 0.983870366
1305031123.951442003 0.099729276 0.088631845 0.117811822 -0.175884560 -0.023985310 -0.016688673 0.983977040
1305031123.983414888 0.103458760 0.085056530 0.119141355 -0.176994651 -0.025569233 -0.015994321 0.983749607
1305031124.011301994 0.104033781 0.077989138 0.116019206 -0.177262155 -0.026004291 -0.015091347 0.983704303
1305031124.051505089 0.106068537 0.071813102 0.111459612 -0.176917922 -0.027271255 -0.014905851 0.983734793
1305031124.083837032 0.109278380 0.065884469 0.110256371 -0.177697141 -0.028938905 -0.015031724 0.983544769
1305031124.111330986 0.110586635 0.054507717 0.108929502 -0.178715700 -0.030628283 -0.016406693 0.983287052
1305031124.147445917 0.109894331 0.047747000 0.103206166 -0.177737611 -0.030527623 -0.016038232 0.983473528
1305031124.182693958 0.109894331 0.047747000 0.103206166 -0.177737611 -0.030527623 -0.016038232 0.983473528
1305031124.211395979 0.108725283 0.041975445 0.099903353 -0.175321111 -0.030320242 -0.015812269 0.983917254
1305031124.249326944 0.109544308 0.035162006 0.094955757 -0.173533418 -0.030866600 -0.015762041 0.984217945
1305031124.282545090 0.112689678 0.029281806 0.092398456 -0.173324029 -0.032690649 -0.014482807 0.984215602
1305031124.311361074 0.115793864 0.020659434 0.091081293 -0.173733265 -0.034639169 -0.013234332 0.984094372
1305031124.350353956 0.116721924 0.016825767 0.084696994 -0.170056688 -0.036116126 -0.012418413 0.984693928
1305031124.382420063 0.116199455 0.016180381 0.079663984 -0.165069386 -0.036379526 -0.011192062 0.985547242
1305031124.411438942 0.117705382 0.009637851 0.075034812 -0.162608531 -0.037410066 -0.010663439 0.985923549
1305031124.450244904 0.118357234 0.008951806 0.067331358 -0.156047797 -0.038123311 -0.010796384 0.986954475
1305031124.480098963 0.115294596 0.008365582 0.061572170 -0.148412907 -0.037700436 -0.012129847 0.988132154
1305031124.511323929 0.114881814 0.007440783 0.054085805 -0.141667695 -0.038293379 -0.012654636 0.989092383
1305031124.550436974 0.114500303 0.008531983 0.049066950 -0.135283887 -0.038853585 -0.012809684 0.989961909
1305031124.579404116 0.118639387 0.001544867 0.046274793 -0.133019748 -0.041347929 -0.014262496 0.990147805
1305031124.611357927 0.119545880 -0.003454431 0.042755339 -0.129459497 -0.042388852 -0.013667192 0.990583985
1305031124.651271105 0.118750648 -0.002573643 0.038754866 -0.123415974 -0.042994826 -0.013497188 0.991331311
1305031124.679362059 0.117666578 -0.011313341 0.037987451 -0.121375003 -0.043189486 -0.013105975 0.991580058
1305031124.711251020 0.114415982 -0.011425414 0.035349346 -0.116073737 -0.042163470 -0.011676162 0.992276573
1305031124.749890089 0.117664394 -0.021222298 0.035494658 -0.115017558 -0.043347923 -0.014056132 0.992317663
1305031124.779365063 0.117145047 -0.031493752 0.038512100 -0.114152437 -0.043727878 -0.012625259 0.992420121
1305031124.811359882 0.119461159 -0.038767153 0.040833044 -0.112083472 -0.044653640 -0.011452983 0.992628922
1305031124.850534916 0.120949825 -0.044999642 0.039818875 -0.112318930 -0.045156129 -0.011626538 0.992577556
1305031124.879354954 0.127436262 -0.052827324 0.037991162 -0.113008991 -0.047437076 -0.011333129 0.992396217
1305031124.911448002 0.128945473 -0.058377128 0.039108105 -0.111521330 -0.047638789 -0.012955303 0.992534986
1305031124.950730085 0.124909207 -0.059906503 0.041168601 -0.111354274 -0.046137085 -0.014023878 0.992610158
1305031124.979438066 0.122569560 -0.070745638 0.044884388 -0.114150639 -0.045190819 -0.012584078 0.992355311
1305031125.011454105 0.123854357 -0.080386441 0.051233963 -0.111528819 -0.045998192 -0.008183597 0.992662338
1305031125.050762892 0.124531974 -0.082643438 0.055812307 -0.107301155 -0.047335244 -0.005348871 0.993084702
1305031125.079364061 0.127801993 -0.087207255 0.057086623 -0.107857516 -0.048589813 -0.004776515 0.992966752
1305031125.111363888 0.129328661 -0.092911213 0.056590261 -0.108424319 -0.048960456 -0.002521204 0.992895102
1305031125.151012897 0.136313521 -0.107890665 0.061597226 -0.109753480 -0.051469211 -0.001717179 0.992623869
1305031125.179352999 0.135022184 -0.110698231 0.062144979 -0.108611114 -0.050822284 -0.002565030 0.992781014
1305031125.211319923 0.130474738 -0.112766331 0.066163238 -0.109517765 -0.048756900 -0.001989662 0.992786314
1305031125.250632048 0.129432776 -0.120453008 0.067204764 -0.110819190 -0.048550511 -0.002595199 0.992650603
1305031125.279467106 0.130502988 -0.133101595 0.069996594 -0.111662386 -0.048891423 -0.002678586 0.992539151
1305031125.311492920 0.130192705 -0.137794018 0.069845962 -0.111838173 -0.048558502 -0.002820628 0.992535309
1305031125.348880053 0.132368088 -0.146104409 0.070301082 -0.112259867 -0.048753446 -0.003055964 0.992477448
1305031125.379400969 0.130289354 -0.148703152 0.071060905 -0.111529567 -0.047968049 -0.005628378 0.992586794
1305031125.411334991 0.122154945 -0.149633475 0.074234068 -0.111197914 -0.044146753 -0.008222696 0.992783197
1305031125.451195002 0.104453086 -0.149339691 0.074794865 -0.111429246 -0.034799835 -0.008651418 0.993125192
1305031125.479424000 0.093686049 -0.151500437 0.076614458 -0.111517522 -0.029884824 -0.011426241 0.993247291
1305031125.511316061 0.093194235 -0.152684589 0.077361195 -0.111049247 -0.028902810 -0.011719351 0.993325399
1305031125.551019907 0.088811541 -0.151568115 0.078788943 -0.110640116 -0.026664980 -0.012713214 0.993421420
1305031125.579308033 0.085251942 -0.150449513 0.081115745 -0.110328194 -0.024551163 -0.014687281 0.993483374
1305031125.611532927 0.079436054 -0.151363092 0.082467421 -0.110124577 -0.021907115 -0.016661489 0.993536638
1305031125.650574923 0.077808372 -0.156688194 0.079437113 -0.110256575 -0.020888757 -0.015110865 0.993568724
1305031125.679327965 0.081074635 -0.155432425 0.077880654 -0.106241523 -0.022543314 -0.010937957 0.994024597
1305031125.711442947 0.086614228 -0.156442254 0.074471511 -0.106188778 -0.026060757 -0.008626185 0.993966986
1305031125.751260042 0.090436904 -0.157247193 0.073078954 -0.104726611 -0.028120648 -0.004415112 0.994093594
1305031125.779347897 0.090957771 -0.153536474 0.070303644 -0.103979911 -0.028677640 -0.004665550 0.994154919
1305031125.811573029 0.090246109 -0.148596557 0.069325683 -0.103282913 -0.028666098 -0.005394756 0.994224216
1305031125.847412109 0.088312213 -0.139754303 0.067010011 -0.102472776 -0.027540827 -0.006942198 0.994330246
1305031125.879317999 0.084413781 -0.134465777 0.066266165 -0.101729407 -0.026465454 -0.009226832 0.994417203
1305031125.911304951 0.084249018 -0.126641387 0.065206423 -0.102096817 -0.027067676 -0.007532298 0.994377617
1305031125.947343111 0.089721866 -0.129574709 0.062621972 -0.108822511 -0.030641233 -0.005005877 0.993576226
1305031125.979324102 0.103391153 -0.123422611 0.061326140 -0.108191493 -0.038133303 -0.003958801 0.993390547
1305031126.011332989 0.109674246 -0.112141380 0.061186955 -0.106270314 -0.043097992 -0.005702204 0.993386465
1305031126.047323942 0.109968728 -0.096693360 0.055743245 -0.105157061 -0.044292462 -0.008006543 0.993436493
1305031126.079355955 0.112800920 -0.090687852 0.052348561 -0.110123231 -0.044451225 -0.008929803 0.992883287
1305031126.111370087 0.113750751 -0.084705373 0.050410128 -0.114856170 -0.044331606 -0.010683843 0.992334936
1305031126.147432089 0.111335927 -0.068597812 0.045137287 -0.113703262 -0.043147398 -0.013092988 0.992491030
1305031126.179383993 0.113414853 -0.055700452 0.043067013 -0.117830498 -0.043543946 -0.013235370 0.991990284
1305031126.211318970 0.116629755 -0.056180315 0.045679271 -0.125660892 -0.044804116 -0.013010746 0.990975606
1305031126.247298002 0.121080730 -0.047764538 0.040300152 -0.129386151 -0.045781406 -0.014918964 0.990424511
1305031126.279362917 0.121836106 -0.043256431 0.039945360 -0.134887649 -0.045591536 -0.016707206 0.989670452
1305031126.311331987 0.118873294 -0.037178869 0.040904062 -0.139243192 -0.043622380 -0.019314930 0.989108364
1305031126.347362995 0.111371269 -0.034153566 0.044210302 -0.144503547 -0.039747695 -0.021718473 0.988467073
1305031126.379422903 0.106901011 -0.031316697 0.043737412 -0.149696661 -0.036605827 -0.023587940 0.987772510
1305031126.411464930 0.103802969 -0.028597833 0.045555343 -0.154656635 -0.035166103 -0.026190729 0.986994790
1305031126.447360992 0.105508536 -0.029923896 0.047949341 -0.161281341 -0.035359837 -0.028591673 0.985860298
1305031126.479532957 0.103528405 -0.025740901 0.049741806 -0.163866202 -0.034500171 -0.025469299 0.985550060
1305031126.511409998 0.103077882 -0.019860685 0.051815620 -0.164857263 -0.034801009 -0.024695690 0.985393878
1305031126.547374010 0.103077882 -0.019860685 0.051815620 -0.164857263 -0.034801009 -0.024695690 0.985393878
1305031126.579453945 0.104268646 -0.019469175 0.055009373 -0.170774776 -0.034817080 -0.025438951 0.984366094
1305031126.611527920 0.104838013 -0.020903481 0.059667179 -0.177134510 -0.034262704 -0.025058445 0.983270821
1305031126.647376060 0.107017405 -0.021910724 0.062888416 -0.182943107 -0.034911324 -0.025874619 0.982162676
1305031126.679478884 0.108038927 -0.019376444 0.064668594 -0.184472499 -0.034376553 -0.023527169 0.981954491
1305031126.711582899 0.109164968 -0.015392377 0.065621153 -0.185365807 -0.034165709 -0.021823074 0.981832967
1305031126.747315884 0.108691255 -0.014089160 0.067029832 -0.186409713 -0.033233725 -0.020640060 0.981692888
1305031126.779378891 0.112818638 -0.012804501 0.065725126 -0.186368644 -0.034305963 -0.019546221 0.981686190
1305031126.811602116 0.114078058 -0.011333011 0.065484828 -0.186412917 -0.033985960 -0.019047419 0.981698719
1305031126.847342968 0.111964532 -0.010569311 0.065670866 -0.187127832 -0.031905945 -0.018837135 0.981636566
1305031126.879357100 0.111215936 -0.009330160 0.065751396 -0.187202242 -0.030717670 -0.018229069 0.981671761
1305031126.911364079 0.109802336 -0.009122010 0.065677477 -0.187421621 -0.029446875 -0.017994137 0.981673178
1305031126.947437048 0.109774131 -0.007684482 0.064968608 -0.187082578 -0.028739493 -0.017158159 0.981773776
1305031126.979336977 0.110363784 -0.007692501 0.064506916 -0.187390937 -0.029088725 -0.016804913 0.981710791
1305031127.011370897 0.111439463 -0.009502199 0.063960890 -0.187512849 -0.029934698 -0.017114544 0.981656731
1305031127.047297001 0.112839268 -0.009507444 0.062303924 -0.186887829 -0.030633622 -0.016405593 0.981766458
1305031127.079298973 0.113054373 -0.009377742 0.062122423 -0.186740440 -0.030916038 -0.016742303 0.981779966
1305031127.111434937 0.113389000 -0.011032974 0.061798517 -0.187312812 -0.031703970 -0.015925216 0.981659389
1305031127.147306919 0.116768397 -0.012902142 0.060732214 -0.187218622 -0.034052273 -0.015601406 0.981603905
1305031127.179348946 0.119354444 -0.014714600 0.058712406 -0.186636235 -0.036068969 -0.015326823 0.981647102
1305031127.211699963 0.119455784 -0.015360135 0.057758611 -0.186069751 -0.036683032 -0.015083539 0.981735652
1305031127.247374058 0.119095761 -0.018361122 0.056415690 -0.186693585 -0.036557977 -0.014823870 0.981625831
1305031127.279464960 0.120438914 -0.021453959 0.055739951 -0.186758623 -0.037638319 -0.015207175 0.981566766
1305031127.311362028 0.120544232 -0.022990701 0.056079049 -0.186883670 -0.038085598 -0.015557251 0.981520225
1305031127.347356081 0.120077690 -0.024215328 0.055025471 -0.186400374 -0.038231832 -0.015315662 0.981610237
1305031127.379261971 0.121996883 -0.025674929 0.053466825 -0.185104094 -0.039849360 -0.015719675 0.981784801
1305031127.411370993 0.124489345 -0.026693115 0.053829262 -0.185025022 -0.041204341 -0.015773846 0.981742904
1305031127.447333097 0.122555489 -0.028055730 0.053103003 -0.185057044 -0.041019665 -0.016303188 0.981735954
1305031127.479362011 0.124858835 -0.025579919 0.050571456 -0.182600607 -0.042314897 -0.015785175 0.982149325
1305031127.511356115 0.123962474 -0.025316675 0.050987047 -0.182447084 -0.042339832 -0.016634750 0.982162759
1305031127.547348022 0.123717103 -0.027176119 0.052553526 -0.183437363 -0.042698374 -0.016608175 0.981963213
1305031127.579344988 0.125357612 -0.027020887 0.050875007 -0.182715055 -0.043818789 -0.016676949 0.982047352
1305031127.611270905 0.127222734 -0.026753524 0.051428402 -0.182474754 -0.044888004 -0.016787975 0.982041850
1305031127.647357941 0.127622508 -0.028670722 0.053469443 -0.183661752 -0.045251713 -0.016388021 0.981810611
1305031127.679297924 0.128492233 -0.028455034 0.051940363 -0.182905723 -0.045701697 -0.016366836 0.981931249
1305031127.711374998 0.129543255 -0.027434391 0.050251546 -0.181806145 -0.046566210 -0.017190807 0.982080745
1305031127.747303963 0.128240660 -0.027909916 0.050891402 -0.182336842 -0.046092671 -0.017185207 0.982004792
1305031127.779345989 0.127484771 -0.028582332 0.050278645 -0.182233843 -0.045985457 -0.016794319 0.982035699
1305031127.811829090 0.127679791 -0.026899486 0.047268011 -0.180425946 -0.046209122 -0.017079384 0.982354055
1305031127.847366095 0.124744478 -0.025250142 0.046463513 -0.179547943 -0.045066596 -0.017126577 0.982567157
1305031127.879379988 0.122527144 -0.025420653 0.046456043 -0.179792492 -0.044171645 -0.016985280 0.982565533
1305031127.911475897 0.122222927 -0.025408942 0.045945345 -0.179530370 -0.044402428 -0.017154192 0.982600124
1305031127.947365999 0.127371030 -0.025404782 0.046702076 -0.179836608 -0.046891429 -0.017199871 0.982427683
1305031127.979371071 0.128415423 -0.025971082 0.048669549 -0.180848418 -0.047528567 -0.017423969 0.982207356
1305031128.011426926 0.127431643 -0.025655142 0.050654901 -0.181809448 -0.047065837 -0.016508092 0.982068029
1305031128.047369003 0.125949513 -0.025263222 0.053369550 -0.182823912 -0.046187384 -0.016331908 0.981924341
1305031128.079334021 0.127777536 -0.027358608 0.055325550 -0.184228948 -0.046874966 -0.016249843 0.981630468
1305031128.111391068 0.127535381 -0.026620263 0.055011379 -0.183514487 -0.047186816 -0.016241187 0.981749490
1305031128.147418022 0.130825156 -0.028565146 0.056641735 -0.184748835 -0.048763862 -0.015708813 0.981449533
1305031128.179349899 0.132893099 -0.029764664 0.057392529 -0.185359817 -0.049413959 -0.014490033 0.981320558
1305031128.211447001 0.133841772 -0.030488118 0.055905609 -0.184648075 -0.049810379 -0.014096977 0.981440416
1305031128.247479916 0.135526009 -0.030794083 0.055670266 -0.184731677 -0.050602228 -0.014301622 0.981381213
1305031128.279335976 0.136172925 -0.032060024 0.056929106 -0.185650690 -0.050991780 -0.013748994 0.981195508
1305031128.311482906 0.140195224 -0.032469261 0.056099191 -0.185337213 -0.053234273 -0.014615058 0.981123147
1305031128.347423077 0.138118811 -0.032210189 0.055364986 -0.185032469 -0.052233686 -0.015042467 0.981227982
1305031128.379404068 0.137854590 -0.034175124 0.057019237 -0.186128584 -0.052603941 -0.015597454 0.980992199
1305031128.411336899 0.135589449 -0.034827228 0.055608187 -0.186235927 -0.051589621 -0.015667009 0.981024584
1305031128.447295904 0.136234833 -0.035756761 0.055068322 -0.186527835 -0.051847983 -0.016123537 0.980948105
1305031128.479295969 0.134975627 -0.037373649 0.055912393 -0.187270525 -0.051643193 -0.016305224 0.980814392
1305031128.511432886 0.134653439 -0.037916445 0.055561850 -0.187486517 -0.051689078 -0.016319159 0.980770478
1305031128.547399044 0.134853781 -0.038017794 0.055485166 -0.187558982 -0.051642804 -0.016331108 0.980758861
1305031128.579454899 0.134097995 -0.039535762 0.055305650 -0.188190330 -0.051221076 -0.016659761 0.980654503
1305031128.611394882 0.137433387 -0.041548417 0.054715226 -0.188494141 -0.053051499 -0.016785490 0.980496683
1305031128.647351980 0.138349689 -0.040195456 0.052568319 -0.187309836 -0.053411747 -0.016731901 0.980704978
1305031128.679281950 0.140871257 -0.039075390 0.051116195 -0.186288377 -0.054973717 -0.017383197 0.980801894
1305031128.711457014 0.141700250 -0.039615981 0.049541662 -0.186192100 -0.055541445 -0.017690722 0.980782692
1305031128.747363091 0.143087927 -0.040754263 0.049008765 -0.186325077 -0.056423123 -0.018521930 0.980691763
